08;54;32;7;107.099
08;54;32;8;107.099
08;54;32;9;107.102
08;54;33;0;107.102
08;54;33;1;107.101
08;54;33;2;107.101
08;54;33;3;107.106
08;54;33;4;107.106
08;54;33;5;107.100
08;54;33;6;107.100
08;54;33;7;107.108
08;54;33;8;107.108
08;54;33;9;107.108
08;54;34;0;107.108
08;54;34;1;107.107
08;54;34;2;107.107
08;54;34;3;107.110
08;54;34;4;107.110
08;54;34;5;107.112
08;54;34;6;107.112
08;54;34;7;107.115
08;54;34;8;107.115
08;54;34;9;107.115
08;54;35;0;107.115
08;54;35;1;107.119
08;54;35;2;107.119
08;54;35;3;107.118
08;54;35;4;107.118
08;54;35;5;107.118
08;54;35;6;107.118
08;54;35;7;107.122
08;54;35;8;107.122
08;54;35;9;107.124
08;54;36;0;107.124
08;54;36;1;107.126
08;54;36;2;107.126
08;54;36;3;107.129
08;54;36;4;107.129
08;54;36;5;107.131
08;54;36;6;107.131
08;54;36;7;107.132
08;54;36;8;107.132
08;54;36;9;107.133
08;54;37;0;107.133
08;54;37;1;107.131
08;54;37;2;107.131
08;54;37;3;107.132
08;54;37;4;107.132
08;54;37;5;107.132
08;54;37;6;107.132
08;54;37;7;107.134
08;54;37;8;107.134
08;54;37;9;107.136
08;54;38;0;107.136
08;54;38;1;107.137
08;54;38;2;107.137
08;54;38;3;107.141
08;54;38;4;107.141
08;54;38;5;107.136
08;54;38;6;107.136
08;54;38;7;107.139
08;54;38;8;107.139
08;54;38;9;107.142
08;54;39;0;107.142
08;54;39;1;107.143
08;54;39;2;107.143
08;54;39;3;107.143
08;54;39;4;107.143
08;54;39;5;107.144
08;54;39;6;107.144
08;54;39;7;107.145
08;54;39;8;107.145
08;54;39;9;107.146
08;54;40;0;107.146
08;54;40;1;107.147
08;54;40;2;107.147
08;54;40;3;107.150
08;54;40;4;107.150
08;54;40;5;107.152
08;54;40;6;107.152
08;54;40;7;107.156
08;54;40;8;107.156
08;54;40;9;107.156
08;54;41;0;107.156
08;54;41;1;107.155
08;54;41;2;107.155
08;54;41;3;107.158
08;54;41;4;107.158
08;54;41;5;107.161
08;54;41;6;107.161
08;54;41;7;107.162
08;54;41;8;107.162
08;54;41;9;107.162
08;54;42;0;107.162
08;54;42;1;107.166
08;54;42;2;107.166
08;54;42;3;107.168
08;54;42;4;107.168
08;54;42;5;107.170
08;54;42;6;107.170
08;54;42;7;107.172
08;54;42;8;107.172
08;54;42;9;107.172
08;54;43;0;107.172
08;54;43;1;107.172
08;54;43;2;107.172
08;54;43;3;107.172
08;54;43;4;107.172
08;54;43;5;107.173
08;54;43;6;107.173
08;54;43;7;107.173
08;54;43;8;107.173
08;54;43;9;107.173
08;54;44;0;107.173
08;54;44;1;107.172
08;54;44;2;107.172
08;54;44;3;107.174
08;54;44;4;107.174
08;54;44;5;107.173
08;54;44;6;107.173
08;54;44;7;107.175
08;54;44;8;107.175
08;54;44;9;107.176
08;54;45;0;107.176
08;54;45;1;107.175
08;54;45;2;107.175
08;54;45;3;107.176
08;54;45;4;107.176
08;54;45;5;107.174
08;54;45;6;107.174
08;54;45;7;107.174
08;54;45;8;107.174
08;54;45;9;107.177
08;54;46;0;107.177
08;54;46;1;107.177
08;54;46;2;107.177
08;54;46;3;107.177
08;54;46;4;107.177
08;54;46;5;107.179
08;54;46;6;107.179
08;54;46;7;107.178
08;54;46;8;107.178
08;54;46;9;107.178
08;54;47;0;107.178
08;54;47;1;107.178
08;54;47;2;107.178
08;54;47;3;107.177
08;54;47;4;107.177
08;54;47;5;107.175
08;54;47;6;107.175
08;54;47;7;107.175
08;54;47;8;107.175
08;54;47;9;107.178
08;54;48;0;107.178
08;54;48;1;107.179
08;54;48;2;107.179
08;54;48;3;107.181
08;54;48;4;107.181
08;54;48;5;107.180
08;54;48;6;107.180
08;54;48;7;107.183
08;54;48;8;107.183
08;54;48;9;107.184
08;54;49;0;107.184
08;54;49;1;107.186
08;54;49;2;107.186
08;54;49;3;107.187
08;54;49;4;107.187
08;54;49;5;107.187
08;54;49;6;107.187
08;54;49;7;107.189
08;54;49;8;107.189
08;54;49;9;107.188
08;54;50;0;107.188
08;54;50;1;107.190
08;54;50;2;107.190
08;54;50;3;107.189
08;54;50;4;107.189
08;54;50;5;107.192
08;54;50;6;107.192
08;54;50;7;107.191
08;54;50;8;107.191
08;54;50;9;107.191
08;54;51;0;107.191
08;54;51;1;107.195
08;54;51;2;107.195
08;54;51;3;107.194
08;54;51;4;107.194
08;54;51;5;107.199
08;54;51;6;107.199
08;54;51;7;107.194
08;54;51;8;107.194
08;54;51;9;107.198
08;54;52;0;107.198
08;54;52;1;107.198
08;54;52;2;107.198
08;54;52;3;107.201
08;54;52;4;107.201
08;54;52;5;107.202
08;54;52;6;107.202
08;54;52;7;107.200
08;54;52;8;107.200
08;54;52;9;107.203
08;54;53;0;107.203
08;54;53;1;107.203
08;54;53;2;107.203
08;54;53;3;107.205
08;54;53;4;107.205
08;54;53;5;107.204
08;54;53;6;107.204
08;54;53;7;107.206
08;54;53;8;107.206
08;54;53;9;107.207
08;54;54;0;107.207
08;54;54;1;107.209
08;54;54;2;107.209
08;54;54;3;107.209
08;54;54;4;107.209
08;54;54;5;107.211
08;54;54;6;107.211
08;54;54;7;107.213
08;54;54;8;107.213
08;54;54;9;107.213
08;54;55;0;107.213
08;54;55;1;107.216
08;54;55;2;107.216
08;54;55;3;107.215
08;54;55;4;107.215
08;54;55;5;107.219
08;54;55;6;107.219
08;54;55;7;107.220
08;54;55;8;107.220
08;54;55;9;107.221
08;54;56;0;107.221
08;54;56;1;107.222
08;54;56;2;107.222
08;54;56;3;107.222
08;54;56;4;107.222
08;54;56;5;107.223
08;54;56;6;107.223
08;54;56;7;107.224
08;54;56;8;107.224
08;54;56;9;107.224
08;54;57;0;107.224
08;54;57;1;107.222
08;54;57;2;107.222
08;54;57;3;107.226
08;54;57;4;107.226
08;54;57;5;107.223
08;54;57;6;107.223
08;54;57;7;107.224
08;54;57;8;107.224
08;54;57;9;107.225
08;54;58;0;107.225
08;54;58;1;107.226
08;54;58;2;107.226
08;54;58;3;107.227
08;54;58;4;107.227
08;54;58;5;107.226
08;54;58;6;107.226
08;54;58;7;107.228
08;54;58;8;107.228
08;54;58;9;107.225
08;54;59;0;107.225
08;54;59;1;107.228
08;54;59;2;107.228
08;54;59;3;107.227
08;54;59;4;107.227
08;54;59;5;107.228
08;54;59;6;107.228
08;54;59;7;107.227
08;54;59;8;107.227
08;54;59;9;107.226
08;55;00;0;107.226
08;55;00;1;107.227
08;55;00;2;107.227
08;55;00;3;107.225
08;55;00;4;107.225
08;55;00;5;107.228
08;55;00;6;107.228
08;55;00;7;107.226
08;55;00;8;107.226
08;55;00;9;107.227
08;55;01;0;107.227
08;55;01;1;107.226
08;55;01;2;107.226
08;55;01;3;107.232
08;55;01;4;107.232
08;55;01;5;107.231
08;55;01;6;107.231
08;55;01;7;107.231
08;55;01;8;107.231
08;55;01;9;107.234
08;55;02;0;107.234
08;55;02;1;107.234
08;55;02;2;107.234
08;55;02;3;107.238
08;55;02;4;107.238
08;55;02;5;107.237
08;55;02;6;107.237
08;55;02;7;107.237
08;55;02;8;107.237
08;55;02;9;107.238
08;55;03;0;107.238
08;55;03;1;107.239
08;55;03;2;107.239
08;55;03;3;107.237
08;55;03;4;107.237
08;55;03;5;107.240
08;55;03;6;107.240
08;55;03;7;107.237
08;55;03;8;107.237
08;55;03;9;107.239
08;55;04;0;107.239
08;55;04;1;107.237
08;55;04;2;107.237
08;55;04;3;107.237
08;55;04;4;107.237
08;55;04;5;107.239
08;55;04;6;107.239
08;55;04;7;107.239
08;55;04;8;107.239
08;55;04;9;107.241
08;55;05;0;107.241
08;55;05;1;107.239
08;55;05;2;107.239
08;55;05;3;107.243
08;55;05;4;107.243
08;55;05;5;107.242
08;55;05;6;107.242
08;55;05;7;107.240
08;55;05;8;107.240
08;55;05;9;107.244
08;55;06;0;107.244
08;55;06;1;107.244
08;55;06;2;107.244
08;55;06;3;107.240
08;55;06;4;107.240
08;55;06;5;107.244
08;55;06;6;107.244
08;55;06;7;107.242
08;55;06;8;107.242
08;55;06;9;107.246
08;55;07;0;107.246
08;55;07;1;107.245
08;55;07;2;107.245
08;55;07;3;107.244
08;55;07;4;107.244
08;55;07;5;107.248
08;55;07;6;107.248
08;55;07;7;107.248
08;55;07;8;107.248
08;55;07;9;107.250
08;55;08;0;107.250
08;55;08;1;107.251
08;55;08;2;107.251
08;55;08;3;107.251
08;55;08;4;107.251
08;55;08;5;107.251
08;55;08;6;107.251
08;55;08;7;107.251
08;55;08;8;107.251
08;55;08;9;107.249
08;55;09;0;107.249
08;55;09;1;107.250
08;55;09;2;107.250
08;55;09;3;107.251
08;55;09;4;107.251
08;55;09;5;107.254
08;55;09;6;107.254
08;55;09;7;107.254
08;55;09;8;107.254
08;55;09;9;107.254
08;55;10;0;107.254
08;55;10;1;107.259
08;55;10;2;107.259
08;55;10;3;107.256
08;55;10;4;107.256
08;55;10;5;107.259
08;55;10;6;107.259
08;55;10;7;107.257
08;55;10;8;107.257
08;55;10;9;107.260
08;55;11;0;107.260
08;55;11;1;107.259
08;55;11;2;107.259
08;55;11;3;107.259
08;55;11;4;107.259
08;55;11;5;107.261
08;55;11;6;107.261
08;55;11;7;107.259
08;55;11;8;107.259
08;55;11;9;107.262
08;55;12;0;107.262
08;55;12;1;107.260
08;55;12;2;107.260
08;55;12;3;107.261
08;55;12;4;107.261
08;55;12;5;107.260
08;55;12;6;107.260
08;55;12;7;107.262
08;55;12;8;107.262
08;55;12;9;107.262
08;55;13;0;107.262
08;55;13;1;107.264
08;55;13;2;107.264
08;55;13;3;107.266
08;55;13;4;107.266
08;55;13;5;107.268
08;55;13;6;107.268
08;55;13;7;107.271
08;55;13;8;107.271
08;55;13;9;107.270
08;55;14;0;107.270
08;55;14;1;107.274
08;55;14;2;107.274
08;55;14;3;107.275
08;55;14;4;107.275
08;55;14;5;107.275
08;55;14;6;107.275
08;55;14;7;107.272
08;55;14;8;107.272
08;55;14;9;107.275
08;55;15;0;107.275
08;55;15;1;107.276
08;55;15;2;107.276
08;55;15;3;107.277
08;55;15;4;107.277
08;55;15;5;107.278
08;55;15;6;107.278
08;55;15;7;107.282
08;55;15;8;107.282
08;55;15;9;107.284
08;55;16;0;107.284
08;55;16;1;107.285
08;55;16;2;107.285
08;55;16;3;107.286
08;55;16;4;107.286
08;55;16;5;107.289
08;55;16;6;107.289
08;55;16;7;107.291
08;55;16;8;107.291
08;55;16;9;107.293
08;55;17;0;107.293
08;55;17;1;107.292
08;55;17;2;107.292
08;55;17;3;107.294
08;55;17;4;107.294
08;55;17;5;107.296
08;55;17;6;107.296
08;55;17;7;107.299
08;55;17;8;107.299
08;55;17;9;107.300
08;55;18;0;107.300
08;55;18;1;107.302
08;55;18;2;107.302
08;55;18;3;107.300
08;55;18;4;107.300
08;55;18;5;107.303
08;55;18;6;107.303
08;55;18;7;107.305
08;55;18;8;107.305
08;55;18;9;107.307
08;55;19;0;107.307
08;55;19;1;107.307
08;55;19;2;107.307
08;55;19;3;107.307
08;55;19;4;107.307
08;55;19;5;107.311
08;55;19;6;107.311
08;55;19;7;107.311
08;55;19;8;107.311
08;55;19;9;107.313
08;55;20;0;107.313
08;55;20;1;107.313
08;55;20;2;107.313
08;55;20;3;107.316
08;55;20;4;107.316
08;55;20;5;107.316
08;55;20;6;107.316
08;55;20;7;107.316
08;55;20;8;107.316
08;55;20;9;107.317
08;55;21;0;107.317
08;55;21;1;107.318
08;55;21;2;107.318
08;55;21;3;107.318
08;55;21;4;107.318
08;55;21;5;107.317
08;55;21;6;107.317
08;55;21;7;107.318
08;55;21;8;107.318
08;55;21;9;107.320
08;55;22;0;107.320
08;55;22;1;107.320
08;55;22;2;107.320
08;55;22;3;107.321
08;55;22;4;107.321
08;55;22;5;107.321
08;55;22;6;107.321
08;55;22;7;107.322
08;55;22;8;107.322
08;55;22;9;107.325
08;55;23;0;107.325
08;55;23;1;107.323
08;55;23;2;107.323
08;55;23;3;107.323
08;55;23;4;107.323
08;55;23;5;107.326
08;55;23;6;107.326
08;55;23;7;107.326
08;55;23;8;107.326
08;55;23;9;107.325
08;55;24;0;107.325
08;55;24;1;107.327
08;55;24;2;107.327
08;55;24;3;107.326
08;55;24;4;107.326
08;55;24;5;107.329
08;55;24;6;107.329
08;55;24;7;107.332
08;55;24;8;107.332
08;55;24;9;107.333
08;55;25;0;107.333
08;55;25;1;107.336
08;55;25;2;107.336
08;55;25;3;107.336
08;55;25;4;107.336
08;55;25;5;107.338
08;55;25;6;107.338
08;55;25;7;107.338
08;55;25;8;107.338
08;55;25;9;107.340
08;55;26;0;107.340
08;55;26;1;107.340
08;55;26;2;107.340
08;55;26;3;107.342
08;55;26;4;107.342
08;55;26;5;107.343
08;55;26;6;107.343
08;55;26;7;107.344
08;55;26;8;107.344
08;55;26;9;107.346
08;55;27;0;107.346
08;55;27;1;107.348
08;55;27;2;107.348
08;55;27;3;107.348
08;55;27;4;107.348
08;55;27;5;107.349
08;55;27;6;107.349
08;55;27;7;107.352
08;55;27;8;107.352
08;55;27;9;107.354
08;55;28;0;107.354
08;55;28;1;107.356
08;55;28;2;107.356
08;55;28;3;107.358
08;55;28;4;107.358
08;55;28;5;107.360
08;55;28;6;107.360
08;55;28;7;107.359
08;55;28;8;107.359
08;55;28;9;107.363
08;55;29;0;107.363
08;55;29;1;107.362
08;55;29;2;107.362
08;55;29;3;107.362
08;55;29;4;107.362
08;55;29;5;107.364
08;55;29;6;107.364
08;55;29;7;107.364
08;55;29;8;107.364
08;55;29;9;107.366
08;55;30;0;107.366
08;55;30;1;107.367
08;55;30;2;107.367
08;55;30;3;107.368
08;55;30;4;107.368
08;55;30;5;107.369
08;55;30;6;107.369
08;55;30;7;107.369
08;55;30;8;107.369
08;55;30;9;107.369
08;55;31;0;107.369
08;55;31;1;107.371
08;55;31;2;107.371
08;55;31;3;107.371
08;55;31;4;107.371
08;55;31;5;107.371
08;55;31;6;107.371
08;55;31;7;107.373
08;55;31;8;107.373
08;55;31;9;107.372
08;55;32;0;107.372
08;55;32;1;107.375
08;55;32;2;107.375
08;55;32;3;107.375
08;55;32;4;107.375
08;55;32;5;107.379
08;55;32;6;107.379
