09;26;05;7;98.334
09;26;05;8;98.334
09;26;05;9;98.334
09;26;06;0;98.334
09;26;06;1;98.336
09;26;06;2;98.336
09;26;06;3;98.337
09;26;06;4;98.337
09;26;06;5;98.338
09;26;06;6;98.338
09;26;06;7;98.338
09;26;06;8;98.338
09;26;06;9;98.340
09;26;07;0;98.340
09;26;07;1;98.340
09;26;07;2;98.340
09;26;07;3;98.341
09;26;07;4;98.341
09;26;07;5;98.341
09;26;07;6;98.341
09;26;07;7;98.342
09;26;07;8;98.342
09;26;07;9;98.344
09;26;08;0;98.344
09;26;08;1;98.345
09;26;08;2;98.345
09;26;08;3;98.346
09;26;08;4;98.346
09;26;08;5;98.347
09;26;08;6;98.347
09;26;08;7;98.348
09;26;08;8;98.348
09;26;08;9;98.349
09;26;09;0;98.349
09;26;09;1;98.351
09;26;09;2;98.351
09;26;09;3;98.349
09;26;09;4;98.349
09;26;09;5;98.351
09;26;09;6;98.351
09;26;09;7;98.350
09;26;09;8;98.350
09;26;09;9;98.351
09;26;10;0;98.351
09;26;10;1;98.351
09;26;10;2;98.351
09;26;10;3;98.350
09;26;10;4;98.350
09;26;10;5;98.350
09;26;10;6;98.350
09;26;10;7;98.349
09;26;10;8;98.349
09;26;10;9;98.349
09;26;11;0;98.349
09;26;11;1;98.350
09;26;11;2;98.350
09;26;11;3;98.352
09;26;11;4;98.352
09;26;11;5;98.354
09;26;11;6;98.354
09;26;11;7;98.354
09;26;11;8;98.354
09;26;11;9;98.357
09;26;12;0;98.357
09;26;12;1;98.357
09;26;12;2;98.357
09;26;12;3;98.358
09;26;12;4;98.358
09;26;12;5;98.360
09;26;12;6;98.360
09;26;12;7;98.360
09;26;12;8;98.360
09;26;12;9;98.363
09;26;13;0;98.363
09;26;13;1;98.365
09;26;13;2;98.365
09;26;13;3;98.367
09;26;13;4;98.367
09;26;13;5;98.369
09;26;13;6;98.369
09;26;13;7;98.371
09;26;13;8;98.371
09;26;13;9;98.373
09;26;14;0;98.373
09;26;14;1;98.374
09;26;14;2;98.374
09;26;14;3;98.374
09;26;14;4;98.374
09;26;14;5;98.376
09;26;14;6;98.376
09;26;14;7;98.378
09;26;14;8;98.378
09;26;14;9;98.378
09;26;15;0;98.378
09;26;15;1;98.377
09;26;15;2;98.377
09;26;15;3;98.377
09;26;15;4;98.377
09;26;15;5;98.377
09;26;15;6;98.377
09;26;15;7;98.377
09;26;15;8;98.377
09;26;15;9;98.377
09;26;16;0;98.377
09;26;16;1;98.377
09;26;16;2;98.377
09;26;16;3;98.376
09;26;16;4;98.376
09;26;16;5;98.377
09;26;16;6;98.377
09;26;16;7;98.379
09;26;16;8;98.379
09;26;16;9;98.378
09;26;17;0;98.378
09;26;17;1;98.378
09;26;17;2;98.378
09;26;17;3;98.381
09;26;17;4;98.381
09;26;17;5;98.382
09;26;17;6;98.382
09;26;17;7;98.383
09;26;17;8;98.383
09;26;17;9;98.384
09;26;18;0;98.384
09;26;18;1;98.385
09;26;18;2;98.385
09;26;18;3;98.385
09;26;18;4;98.385
09;26;18;5;98.384
09;26;18;6;98.384
09;26;18;7;98.383
09;26;18;8;98.383
09;26;18;9;98.385
09;26;19;0;98.385
09;26;19;1;98.385
09;26;19;2;98.385
09;26;19;3;98.387
09;26;19;4;98.387
09;26;19;5;98.386
09;26;19;6;98.386
09;26;19;7;98.388
09;26;19;8;98.388
09;26;19;9;98.389
09;26;20;0;98.389
09;26;20;1;98.393
09;26;20;2;98.393
09;26;20;3;98.394
09;26;20;4;98.394
09;26;20;5;98.395
09;26;20;6;98.395
09;26;20;7;98.396
09;26;20;8;98.396
09;26;20;9;98.396
09;26;21;0;98.396
09;26;21;1;98.397
09;26;21;2;98.397
09;26;21;3;98.396
09;26;21;4;98.396
09;26;21;5;98.398
09;26;21;6;98.398
09;26;21;7;98.399
09;26;21;8;98.399
09;26;21;9;98.398
09;26;22;0;98.398
09;26;22;1;98.396
09;26;22;2;98.396
09;26;22;3;98.397
09;26;22;4;98.397
09;26;22;5;98.396
09;26;22;6;98.396
09;26;22;7;98.394
09;26;22;8;98.394
09;26;22;9;98.394
09;26;23;0;98.394
09;26;23;1;98.394
09;26;23;2;98.394
09;26;23;3;98.393
09;26;23;4;98.393
09;26;23;5;98.396
09;26;23;6;98.396
09;26;23;7;98.397
09;26;23;8;98.397
09;26;23;9;98.397
09;26;24;0;98.397
09;26;24;1;98.398
09;26;24;2;98.398
09;26;24;3;98.401
09;26;24;4;98.401
09;26;24;5;98.402
09;26;24;6;98.402
09;26;24;7;98.402
09;26;24;8;98.402
09;26;24;9;98.403
09;26;25;0;98.403
09;26;25;1;98.404
09;26;25;2;98.404
09;26;25;3;98.403
09;26;25;4;98.403
09;26;25;5;98.402
09;26;25;6;98.402
09;26;25;7;98.404
09;26;25;8;98.404
09;26;25;9;98.406
09;26;26;0;98.406
09;26;26;1;98.406
09;26;26;2;98.406
09;26;26;3;98.407
09;26;26;4;98.407
09;26;26;5;98.409
09;26;26;6;98.409
09;26;26;7;98.412
09;26;26;8;98.412
09;26;26;9;98.414
09;26;27;0;98.414
09;26;27;1;98.416
09;26;27;2;98.416
09;26;27;3;98.420
09;26;27;4;98.420
09;26;27;5;98.421
09;26;27;6;98.421
09;26;27;7;98.424
09;26;27;8;98.424
09;26;27;9;98.427
09;26;28;0;98.427
09;26;28;1;98.430
09;26;28;2;98.430
09;26;28;3;98.432
09;26;28;4;98.432
09;26;28;5;98.435
09;26;28;6;98.435
09;26;28;7;98.438
09;26;28;8;98.438
09;26;28;9;98.439
09;26;29;0;98.439
09;26;29;1;98.441
09;26;29;2;98.441
09;26;29;3;98.441
09;26;29;4;98.441
09;26;29;5;98.444
09;26;29;6;98.444
09;26;29;7;98.445
09;26;29;8;98.445
09;26;29;9;98.445
09;26;30;0;98.445
09;26;30;1;98.445
09;26;30;2;98.445
09;26;30;3;98.446
09;26;30;4;98.446
09;26;30;5;98.449
09;26;30;6;98.449
09;26;30;7;98.449
09;26;30;8;98.449
09;26;30;9;98.451
09;26;31;0;98.451
09;26;31;1;98.452
09;26;31;2;98.452
09;26;31;3;98.451
09;26;31;4;98.451
09;26;31;5;98.452
09;26;31;6;98.452
09;26;31;7;98.454
09;26;31;8;98.454
09;26;31;9;98.454
09;26;32;0;98.454
09;26;32;1;98.456
09;26;32;2;98.456
09;26;32;3;98.457
09;26;32;4;98.457
09;26;32;5;98.459
09;26;32;6;98.459
09;26;32;7;98.462
09;26;32;8;98.462
09;26;32;9;98.461
09;26;33;0;98.461
09;26;33;1;98.462
09;26;33;2;98.462
09;26;33;3;98.463
09;26;33;4;98.463
09;26;33;5;98.463
09;26;33;6;98.463
09;26;33;7;98.464
09;26;33;8;98.464
09;26;33;9;98.463
09;26;34;0;98.463
09;26;34;1;98.465
09;26;34;2;98.465
09;26;34;3;98.464
09;26;34;4;98.464
09;26;34;5;98.466
09;26;34;6;98.466
09;26;34;7;98.465
09;26;34;8;98.465
09;26;34;9;98.465
09;26;35;0;98.465
09;26;35;1;98.466
09;26;35;2;98.466
09;26;35;3;98.466
09;26;35;4;98.466
09;26;35;5;98.467
09;26;35;6;98.467
09;26;35;7;98.469
09;26;35;8;98.469
09;26;35;9;98.469
09;26;36;0;98.469
09;26;36;1;98.469
09;26;36;2;98.469
09;26;36;3;98.470
09;26;36;4;98.470
09;26;36;5;98.470
09;26;36;6;98.470
09;26;36;7;98.469
09;26;36;8;98.469
09;26;36;9;98.471
09;26;37;0;98.471
09;26;37;1;98.473
09;26;37;2;98.473
09;26;37;3;98.473
09;26;37;4;98.473
09;26;37;5;98.476
09;26;37;6;98.476
09;26;37;7;98.478
09;26;37;8;98.478
09;26;37;9;98.479
09;26;38;0;98.479
09;26;38;1;98.480
09;26;38;2;98.480
09;26;38;3;98.482
09;26;38;4;98.482
09;26;38;5;98.483
09;26;38;6;98.483
09;26;38;7;98.485
09;26;38;8;98.485
09;26;38;9;98.483
09;26;39;0;98.483
09;26;39;1;98.485
09;26;39;2;98.485
09;26;39;3;98.486
09;26;39;4;98.486
09;26;39;5;98.487
09;26;39;6;98.487
09;26;39;7;98.487
09;26;39;8;98.487
09;26;39;9;98.487
09;26;40;0;98.487
09;26;40;1;98.488
09;26;40;2;98.488
09;26;40;3;98.489
09;26;40;4;98.489
09;26;40;5;98.488
09;26;40;6;98.488
09;26;40;7;98.487
09;26;40;8;98.487
09;26;40;9;98.487
09;26;41;0;98.487
09;26;41;1;98.488
09;26;41;2;98.488
09;26;41;3;98.490
09;26;41;4;98.490
09;26;41;5;98.490
09;26;41;6;98.490
09;26;41;7;98.491
09;26;41;8;98.491
09;26;41;9;98.492
09;26;42;0;98.492
09;26;42;1;98.492
09;26;42;2;98.492
09;26;42;3;98.492
09;26;42;4;98.492
09;26;42;5;98.492
09;26;42;6;98.492
09;26;42;7;98.491
09;26;42;8;98.491
09;26;42;9;98.491
09;26;43;0;98.491
09;26;43;1;98.491
09;26;43;2;98.491
09;26;43;3;98.490
09;26;43;4;98.490
09;26;43;5;98.492
09;26;43;6;98.492
09;26;43;7;98.489
09;26;43;8;98.489
09;26;43;9;98.490
09;26;44;0;98.490
09;26;44;1;98.490
09;26;44;2;98.490
09;26;44;3;98.489
09;26;44;4;98.489
09;26;44;5;98.490
09;26;44;6;98.490
09;26;44;7;98.490
09;26;44;8;98.490
09;26;44;9;98.490
09;26;45;0;98.490
09;26;45;1;98.492
09;26;45;2;98.492
09;26;45;3;98.491
09;26;45;4;98.491
09;26;45;5;98.492
09;26;45;6;98.492
09;26;45;7;98.493
09;26;45;8;98.493
09;26;45;9;98.494
09;26;46;0;98.494
09;26;46;1;98.494
09;26;46;2;98.494
09;26;46;3;98.497
09;26;46;4;98.497
09;26;46;5;98.498
09;26;46;6;98.498
09;26;46;7;98.500
09;26;46;8;98.500
09;26;46;9;98.499
09;26;47;0;98.499
09;26;47;1;98.500
09;26;47;2;98.500
09;26;47;3;98.502
09;26;47;4;98.502
09;26;47;5;98.503
09;26;47;6;98.503
09;26;47;7;98.504
09;26;47;8;98.504
09;26;47;9;98.505
09;26;48;0;98.505
09;26;48;1;98.508
09;26;48;2;98.508
09;26;48;3;98.508
09;26;48;4;98.508
09;26;48;5;98.508
09;26;48;6;98.508
09;26;48;7;98.509
09;26;48;8;98.509
09;26;48;9;98.508
09;26;49;0;98.508
09;26;49;1;98.506
09;26;49;2;98.506
09;26;49;3;98.508
09;26;49;4;98.508
09;26;49;5;98.506
09;26;49;6;98.506
09;26;49;7;98.506
09;26;49;8;98.506
09;26;49;9;98.507
09;26;50;0;98.507
09;26;50;1;98.509
09;26;50;2;98.509
09;26;50;3;98.509
09;26;50;4;98.509
09;26;50;5;98.510
09;26;50;6;98.510
09;26;50;7;98.510
09;26;50;8;98.510
09;26;50;9;98.513
09;26;51;0;98.513
09;26;51;1;98.514
09;26;51;2;98.514
09;26;51;3;98.515
09;26;51;4;98.515
09;26;51;5;98.518
09;26;51;6;98.518
09;26;51;7;98.521
09;26;51;8;98.521
09;26;51;9;98.520
09;26;52;0;98.520
09;26;52;1;98.523
09;26;52;2;98.523
09;26;52;3;98.524
09;26;52;4;98.524
09;26;52;5;98.524
09;26;52;6;98.524
09;26;52;7;98.525
09;26;52;8;98.525
09;26;52;9;98.528
09;26;53;0;98.528
09;26;53;1;98.529
09;26;53;2;98.529
09;26;53;3;98.531
09;26;53;4;98.531
09;26;53;5;98.534
09;26;53;6;98.534
09;26;53;7;98.532
09;26;53;8;98.532
09;26;53;9;98.535
09;26;54;0;98.535
09;26;54;1;98.537
09;26;54;2;98.537
09;26;54;3;98.539
09;26;54;4;98.539
09;26;54;5;98.539
09;26;54;6;98.539
09;26;54;7;98.541
09;26;54;8;98.541
09;26;54;9;98.544
09;26;55;0;98.544
09;26;55;1;98.546
09;26;55;2;98.546
09;26;55;3;98.546
09;26;55;4;98.546
09;26;55;5;98.548
09;26;55;6;98.548
09;26;55;7;98.545
09;26;55;8;98.545
09;26;55;9;98.546
09;26;56;0;98.546
09;26;56;1;98.545
09;26;56;2;98.545
09;26;56;3;98.545
09;26;56;4;98.545
09;26;56;5;98.546
09;26;56;6;98.546
09;26;56;7;98.545
09;26;56;8;98.545
09;26;56;9;98.544
09;26;57;0;98.544
09;26;57;1;98.545
09;26;57;2;98.545
09;26;57;3;98.543
09;26;57;4;98.543
09;26;57;5;98.543
09;26;57;6;98.543
09;26;57;7;98.543
09;26;57;8;98.543
09;26;57;9;98.543
09;26;58;0;98.543
09;26;58;1;98.542
09;26;58;2;98.542
09;26;58;3;98.543
09;26;58;4;98.543
09;26;58;5;98.544
09;26;58;6;98.544
09;26;58;7;98.546
09;26;58;8;98.546
09;26;58;9;98.547
09;26;59;0;98.547
09;26;59;1;98.549
09;26;59;2;98.549
09;26;59;3;98.550
09;26;59;4;98.550
09;26;59;5;98.550
09;26;59;6;98.550
09;26;59;7;98.550
09;26;59;8;98.550
09;26;59;9;98.550
09;27;00;0;98.550
09;27;00;1;98.549
09;27;00;2;98.549
09;27;00;3;98.546
09;27;00;4;98.546
09;27;00;5;98.547
09;27;00;6;98.547
09;27;00;7;98.546
09;27;00;8;98.546
09;27;00;9;98.545
09;27;01;0;98.545
09;27;01;1;98.547
09;27;01;2;98.547
09;27;01;3;98.548
09;27;01;4;98.548
09;27;01;5;98.548
09;27;01;6;98.548
09;27;01;7;98.549
09;27;01;8;98.549
09;27;01;9;98.549
09;27;02;0;98.549
09;27;02;1;98.550
09;27;02;2;98.550
09;27;02;3;98.551
09;27;02;4;98.551
09;27;02;5;98.553
09;27;02;6;98.553
09;27;02;7;98.555
09;27;02;8;98.555
09;27;02;9;98.555
09;27;03;0;98.555
09;27;03;1;98.557
09;27;03;2;98.557
09;27;03;3;98.558
09;27;03;4;98.558
09;27;03;5;98.560
09;27;03;6;98.560
09;27;03;7;98.563
09;27;03;8;98.563
09;27;03;9;98.563
09;27;04;0;98.563
09;27;04;1;98.565
09;27;04;2;98.565
09;27;04;3;98.565
09;27;04;4;98.565
09;27;04;5;98.567
09;27;04;6;98.567
09;27;04;7;98.568
09;27;04;8;98.568
09;27;04;9;98.568
09;27;05;0;98.568
09;27;05;1;98.569
09;27;05;2;98.569
09;27;05;3;98.570
09;27;05;4;98.570
09;27;05;5;98.571
09;27;05;6;98.571
