15,48,21,7.7504e+05,1.819,0.313
15,48,21,7.7508e+05,1.406,-1.53
15,48,21,7.7512e+05,1.789,-0.617
15,48,21,7.7516e+05,2.258,0.123
15,48,21,7.752e+05,2.18,-0.283
15,48,21,7.7523e+05,0.771,0.265
15,48,21,7.7527e+05,1.528,-1.017
15,48,21,7.7531e+05,-0.62,-0.159
15,48,21,7.7535e+05,-0.279,1.03
15,48,21,7.7539e+05,-1.887,0.156
15,48,21,7.7543e+05,0.284,1.688
15,48,21,7.7547e+05,0.106,0.059
15,48,21,7.7551e+05,-0.647,-1.675
15,48,21,7.7555e+05,-0.669,-1.67
15,48,21,7.7558e+05,0.533,-0.937
15,48,21,7.7562e+05,-1.432,-0.062
15,48,21,7.7566e+05,-0.218,1.092
15,48,21,7.757e+05,0.533,1.188
15,48,21,7.7574e+05,0.207,1.004
15,48,21,7.7578e+05,-2.507,0.09
15,48,21,7.7582e+05,0.977,0.264
15,48,21,7.7586e+05,0.567,-1.172
15,48,21,7.759e+05,-1.243,0.425
15,48,21,7.7594e+05,0.171,3.166
15,48,21,7.7598e+05,1.655,-0.432
15,48,21,7.7602e+05,-0.729,-1.895
15,48,21,7.7605e+05,-1.465,2.926
15,48,21,7.7609e+05,-0.275,-0.066
15,48,21,7.7613e+05,0.225,0.2
15,48,21,7.7617e+05,-0.452,1.882
15,48,21,7.7621e+05,-0.511,-0.979
15,48,21,7.7625e+05,0.776,-1.025
15,48,21,7.7629e+05,-0.664,-1.45
15,48,21,7.7633e+05,0.273,-0.077
15,48,21,7.7637e+05,0.211,2.189
15,48,21,7.7641e+05,0.302,-1.713
15,48,21,7.7644e+05,0.198,-0.275
15,48,21,7.7648e+05,0.022,1.314
15,48,21,7.7652e+05,0.573,-2.08
15,48,21,7.7656e+05,-0.807,0.141
15,48,21,7.766e+05,2.322,-0.696
15,48,21,7.7664e+05,0.459,-0.653
15,48,21,7.7668e+05,-0.339,3.528
15,48,21,7.7672e+05,-0.715,0.164
15,48,21,7.7676e+05,-1.036,-1.982
15,48,21,7.768e+05,-1.413,1.917
15,48,21,7.7684e+05,-0.019,1.705
15,48,21,7.7687e+05,0.185,-2.982
15,48,21,7.7691e+05,-0.652,-1.521
15,48,21,7.7695e+05,0.562,0.79
15,48,21,7.7699e+05,1.41,-2.212
15,48,21,7.7703e+05,0.139,0.582
15,48,21,7.7707e+05,0.001,2.647
15,48,21,7.7711e+05,-0.605,-0.163
15,48,21,7.7715e+05,1.854,0.714
15,48,21,7.7719e+05,-0.665,-0.759
15,48,21,7.7723e+05,0.061,0.865
15,48,21,7.7726e+05,0.916,-1.087
15,48,21,7.773e+05,0.456,-0.214
15,48,21,7.7734e+05,-0.973,-0.944
15,48,21,7.7738e+05,-2.08,2.168
15,48,21,7.7742e+05,0.414,0.094
15,48,21,7.7746e+05,-1.336,0.226
15,48,21,7.775e+05,0.944,0.924
15,48,21,7.7754e+05,-1.161,-1.729
15,48,21,7.7758e+05,0.838,-0.488
15,48,21,7.7762e+05,0.611,-1.499
15,48,21,7.7766e+05,0.703,1.023
15,48,21,7.777e+05,-1.04,1.144
15,48,21,7.7773e+05,1.445,-0.074
15,48,21,7.7777e+05,-0.626,1.44
15,48,21,7.7781e+05,1.377,-0.549
15,48,21,7.7785e+05,-0.379,-1.342
15,48,21,7.7789e+05,-0.051,0.847
15,48,21,7.7793e+05,0.122,-2.215
15,48,21,7.7797e+05,0.252,0.315
15,48,21,7.7801e+05,-0.935,1.442
15,48,21,7.7805e+05,-0.444,-0.038
15,48,21,7.7808e+05,-0.436,1.295
15,48,21,7.7812e+05,0.241,1.237
15,48,21,7.7816e+05,-0.127,-3.64
15,48,21,7.782e+05,1.192,-0.827
15,48,21,7.7824e+05,0.343,0.861
15,48,21,7.7828e+05,-0.546,-0.791
15,48,21,7.7832e+05,0.021,-0.582
15,48,21,7.7836e+05,-0.227,2.13
15,48,21,7.784e+05,0.142,1.97
15,48,21,7.7844e+05,0.358,0.911
15,48,21,7.7848e+05,1.632,-1.341
15,48,21,7.7852e+05,0.416,-3.002
15,48,21,7.7855e+05,-0.572,0.321
15,48,21,7.7859e+05,-1.191,0.963
15,48,21,7.7863e+05,0.156,1.009
15,48,21,7.7867e+05,-0.156,0.926
15,48,21,7.7871e+05,-0.646,2.01
15,48,21,7.7875e+05,0.364,-0.205
15,48,21,7.7879e+05,0.197,-2.641
15,48,21,7.7883e+05,0.212,-1.803
15,48,21,7.7887e+05,-0.985,0.397
15,48,21,7.7891e+05,0.966,-0.673
15,48,21,7.7894e+05,0.769,0.806
15,48,21,7.7898e+05,0.886,1.878
15,48,21,7.7902e+05,-0.448,0.777
15,48,21,7.7906e+05,0.177,-0.027
15,48,21,7.791e+05,-1.435,-2.378
15,48,21,7.7914e+05,-1.686,0.728
15,48,21,7.7918e+05,1.011,-0.497
15,48,21,7.7922e+05,-0.052,0.849
15,48,21,7.7926e+05,1.126,0.028
15,48,21,7.793e+05,-0.231,-1.579
15,48,21,7.7934e+05,-0.026,0.791
15,48,21,7.7937e+05,0.255,-2.387
15,48,21,7.7941e+05,0.352,2.649
15,48,21,7.7945e+05,-0.338,1.978
15,48,21,7.7949e+05,-0.113,-0.67
15,48,21,7.7953e+05,0.693,-3.762
15,48,21,7.7957e+05,0.507,-1.707
15,48,21,7.7961e+05,-0.02,2.148
15,48,21,7.7965e+05,-0.345,1.338
15,48,21,7.7969e+05,-0.142,-0.402
15,48,21,7.7973e+05,-0.856,0.367
15,48,21,7.7976e+05,0.286,0.352
15,48,21,7.798e+05,0.607,-1.679
15,48,21,7.7984e+05,0.893,0.445
15,48,21,7.7988e+05,-1.054,1.18
15,48,21,7.7992e+05,0.468,-3.746
15,48,21,7.7996e+05,-0.314,0.664
15,48,21,7.8e+05,0.755,1.705
15,48,21,7.8004e+05,-0.821,0.285
15,48,21,7.8008e+05,0.688,0.414
15,48,21,7.8012e+05,-0.014,-1.598
15,48,21,7.8016e+05,-0.422,0.603
15,48,21,7.802e+05,1.436,-0.659
15,48,21,7.8023e+05,-0.649,-1.897
15,48,21,7.8027e+05,-0.358,1.432
15,48,21,7.8031e+05,0.483,1.629
15,48,21,7.8035e+05,1.029,-2.037
15,48,21,7.8039e+05,0.757,0.222
15,48,21,7.8043e+05,0.098,0.883
15,48,21,7.8047e+05,0.749,-2.414
15,48,21,7.8051e+05,-0.427,-0.371
15,48,21,7.8055e+05,0.298,1.189
15,48,21,7.8058e+05,-1.506,-0.626
15,48,21,7.8062e+05,0.783,1.144
15,48,21,7.8066e+05,0.304,-1.574
15,48,21,7.807e+05,-1.646,-0.037
15,48,21,7.8074e+05,-0.18,0.9
15,48,21,7.8078e+05,0.311,-2.073
15,48,21,7.8082e+05,-0.515,0.802
15,48,21,7.8086e+05,0.424,2.248
15,48,21,7.809e+05,1.136,-1.97
15,48,21,7.8094e+05,0.665,0.583
15,48,21,7.8098e+05,1.06,0.69
15,48,21,7.8102e+05,-0.316,-0.252
15,48,21,7.8105e+05,0.849,-1.183
15,48,21,7.8109e+05,-0.007,0.294
15,48,21,7.8113e+05,0.701,0.499
15,48,21,7.8117e+05,-1.24,-0.488
15,48,21,7.8121e+05,0.035,0.437
15,48,21,7.8125e+05,-1.069,-0.967
15,48,21,7.8129e+05,0.756,1.69
15,48,21,7.8133e+05,0.399,-1.43
15,48,21,7.8137e+05,-0.852,0.976
15,48,21,7.8141e+05,-0.376,1.429
15,48,21,7.8144e+05,0.193,-1.1
15,48,21,7.8148e+05,1.235,-2.104
15,48,21,7.8152e+05,-0.416,1.884
15,48,21,7.8156e+05,1.718,0.896
15,48,21,7.816e+05,-0.247,-1.66
15,48,21,7.8164e+05,0.454,1.476
15,48,21,7.8168e+05,-0.547,-1.741
15,48,21,7.8172e+05,0.848,0.564
15,48,21,7.8176e+05,0.23,2.459
15,48,21,7.818e+05,-1.385,-0.966
15,48,21,7.8184e+05,0.035,-2.251
15,48,21,7.8187e+05,-0.046,0.76
15,48,21,7.8191e+05,0.447,0.852
15,48,21,7.8195e+05,-0.714,0.232
15,48,21,7.8199e+05,-0.49,0.894
15,48,21,7.8203e+05,-0.456,0.269
15,48,21,7.8207e+05,0.573,-0.869
15,48,21,7.8211e+05,-0.321,-0.403
15,48,21,7.8215e+05,0.284,1.556
15,48,21,7.8219e+05,0.19,-1.261
15,48,21,7.8223e+05,-1.294,-0.236
15,48,21,7.8226e+05,-0.554,1.417
15,48,21,7.823e+05,0.181,-1.633
15,48,21,7.8234e+05,0.513,1.233
15,48,21,7.8238e+05,-0.854,1.592
15,48,21,7.8242e+05,0.303,-2.022
15,48,21,7.8246e+05,0.256,-0.437
15,48,21,7.825e+05,0.516,0.348
15,48,21,7.8254e+05,-0.433,-0.237
15,48,21,7.8258e+05,-0.447,1.512
15,48,21,7.8262e+05,0.434,0.364
15,48,21,7.8266e+05,-0.463,0.668
15,48,21,7.827e+05,-0.494,-0.532
15,48,21,7.8273e+05,-0.232,-0.36
15,48,21,7.8277e+05,0.307,-1.557
15,48,21,7.8281e+05,0.461,-0.398
15,48,21,7.8285e+05,-1.599,1.435
15,48,21,7.8289e+05,-0.39,-1.444
15,48,21,7.8293e+05,-0.955,1.022
15,48,21,7.8297e+05,0.393,0.901
15,48,21,7.8301e+05,-0.638,-0.202
15,48,21,7.8305e+05,0.191,1.095
15,48,21,7.8308e+05,-0.094,-2.161
15,48,21,7.8312e+05,-0.373,-0.054
15,48,21,7.8316e+05,-0.229,-0.151
15,48,21,7.832e+05,-1.15,1.559
15,48,21,7.8324e+05,0.567,-0.153
15,48,21,7.8328e+05,0.392,-0.238
15,48,21,7.8332e+05,0.634,1.106
15,48,21,7.8336e+05,-0.213,-1.735
15,48,21,7.834e+05,-0.545,0.151
15,48,21,7.8344e+05,-0.441,-0.45
15,48,21,7.8348e+05,-0.024,-0.877
15,48,21,7.8352e+05,-0.433,2.978
15,48,21,7.8355e+05,0.939,-0.578
15,48,21,7.8359e+05,-0.607,-0.664
15,48,21,7.8363e+05,0.067,0.192
15,48,21,7.8367e+05,-1.841,-0.715
15,48,21,7.8371e+05,-0.274,0.111
15,48,21,7.8375e+05,-0.51,0.374
15,48,21,7.8379e+05,0.978,0.333
15,48,21,7.8383e+05,-0.4,-2.269
15,48,21,7.8387e+05,0.223,-0.033
15,48,21,7.8391e+05,0.948,-2.758
15,48,21,7.8394e+05,-0.922,0.444
15,48,21,7.8398e+05,-0.587,5.816
15,48,21,7.8402e+05,-0.529,-0.475
15,48,21,7.8406e+05,0.556,-3.111
15,48,21,7.841e+05,-0.06,1.121
15,48,21,7.8414e+05,-0.319,-0.477
15,48,21,7.8418e+05,0.434,-1.155
15,48,21,7.8422e+05,1.081,2.099
15,48,21,7.8426e+05,-0.899,1.521
15,48,21,7.843e+05,-0.98,2.787
15,48,21,7.8434e+05,1.059,-0.776
15,48,21,7.8437e+05,0.336,-2.449
15,48,21,7.8441e+05,-0.647,0.388
15,48,21,7.8445e+05,0.331,-1.128
15,48,21,7.8449e+05,0.362,-2.058
15,48,21,7.8453e+05,-0.408,1.078
15,48,21,7.8457e+05,-0.532,1.796
15,48,21,7.8461e+05,-1.251,-0.244
15,48,21,7.8465e+05,0.254,0.746
15,48,21,7.8469e+05,-1.563,1.738
15,48,21,7.8473e+05,0.65,-0.337
15,48,21,7.8476e+05,0.994,-2.321
15,48,21,7.848e+05,0.146,-2.519
15,48,21,7.8484e+05,-1.073,-0.145
15,48,21,7.8488e+05,1.058,0.345
15,48,21,7.8492e+05,0.041,0.483
15,48,21,7.8496e+05,0.442,2.493
15,48,21,7.85e+05,0.179,0.03
15,48,21,7.8504e+05,0.598,-1.421
15,48,21,7.8508e+05,-1.708,-1.45
15,48,21,7.8512e+05,-0.209,-0.078
15,48,21,7.8516e+05,-0.322,0.104
15,48,21,7.852e+05,1.673,0.217
15,48,21,7.8523e+05,-0.67,-0.235
15,48,21,7.8527e+05,0.082,0.832
15,48,21,7.8531e+05,0.473,-3.364
15,48,21,7.8535e+05,-0.12,1.983
15,48,21,7.8539e+05,-0.376,2.661
15,48,21,7.8543e+05,-0.776,-0.301
15,48,21,7.8547e+05,1.707,-2.874
15,48,21,7.8551e+05,-1.128,-0.037
15,48,21,7.8555e+05,0.562,1.593
15,48,21,7.8558e+05,0.021,-1.534
15,48,21,7.8562e+05,0.015,-0.005
15,48,21,7.8566e+05,-0.28,1.49
15,48,21,7.857e+05,-0.078,0.049
15,48,21,7.8574e+05,0.81,-2.326
15,48,21,7.8578e+05,0.202,0.508
15,48,21,7.8582e+05,-0.351,0.372
15,48,21,7.8586e+05,0.869,-0.299
15,48,21,7.859e+05,0.781,-0.876
15,48,21,7.8594e+05,0.243,-0.765
15,48,21,7.8598e+05,-0.77,1.557
15,48,21,7.8602e+05,0.296,0.211
15,48,21,7.8605e+05,-0.792,-0.967
15,48,21,7.8609e+05,0.126,2.363
15,48,21,7.8613e+05,0.527,-1.104
15,48,21,7.8617e+05,0.366,-1.629
15,48,21,7.8621e+05,0.309,0.893
15,48,21,7.8625e+05,-1.044,-2.453
15,48,21,7.8629e+05,-0.053,0.133
15,48,21,7.8633e+05,0.362,1.285
15,48,21,7.8637e+05,0.609,0.502
15,48,21,7.8641e+05,0.894,0.266
15,48,21,7.8644e+05,0.202,-0.915
15,48,21,7.8648e+05,-0.507,-0.594
15,48,21,7.8652e+05,-0.79,0.85
15,48,21,7.8656e+05,-0.525,1.65
15,48,21,7.866e+05,1.098,0.003
15,48,21,7.8664e+05,0.043,-0.53
15,48,21,7.8668e+05,-0.157,1.301
15,48,21,7.8672e+05,1.024,-2.73
15,48,21,7.8676e+05,0.018,-0.202
15,48,21,7.868e+05,0.355,1.847
15,48,21,7.8684e+05,-0.009,0.365
15,48,21,7.8687e+05,1.015,0.178
15,48,21,7.8691e+05,-1.073,-0.593
15,48,21,7.8695e+05,0.321,-0.29
15,48,21,7.8699e+05,-1.193,-0.028
15,48,21,7.8703e+05,1.016,0.161
15,48,21,7.8707e+05,-0.655,-0.406
15,48,21,7.8711e+05,0.073,1.453
15,48,21,7.8715e+05,0.291,-3.171
15,48,21,7.8719e+05,0.558,1.251
15,48,21,7.8723e+05,-0.283,0.045
15,48,21,7.8726e+05,-0.846,0.742
15,48,21,7.873e+05,0.596,1.795
15,48,21,7.8734e+05,-0.461,-1.911
15,48,21,7.8738e+05,0.541,0.687
15,48,21,7.8742e+05,0.26,-1.373
15,48,21,7.8746e+05,0.561,-0.437
15,48,21,7.875e+05,-0.517,1.382
15,48,21,7.8754e+05,-0.517,-0.12
15,48,21,7.8758e+05,-0.936,-0.457
15,48,21,7.8762e+05,0.765,0.709
15,48,21,7.8766e+05,0.66,0.028
15,48,21,7.877e+05,-0.667,0.174
15,48,21,7.8773e+05,-0.55,-2.197
15,48,21,7.8777e+05,1.313,-1.019
15,48,21,7.8781e+05,0.455,1.379
15,48,21,7.8785e+05,-0.571,0.744
15,48,21,7.8789e+05,0.968,-0.045
15,48,21,7.8793e+05,0.065,0.505
15,48,21,7.8797e+05,-1.085,0.148
15,48,21,7.8801e+05,0.584,-0.108
15,48,21,7.8805e+05,1.036,-1.573
15,48,21,7.8808e+05,-1.704,0.872
15,48,21,7.8812e+05,0.486,-0.233
15,48,21,7.8816e+05,-0.391,0.627
15,48,21,7.882e+05,0.524,-0.477
15,48,21,7.8824e+05,-0.762,0.187
15,48,21,7.8828e+05,1.352,0.722
15,48,21,7.8832e+05,-0.303,-0.751
15,48,21,7.8836e+05,0.741,0.559
15,48,21,7.884e+05,-1.158,-1.595
15,48,21,7.8844e+05,0.981,-0.319
15,48,21,7.8848e+05,-0.632,1.005
15,48,21,7.8852e+05,0.293,1.607
15,48,21,7.8855e+05,-0.938,1.236
15,48,21,7.8859e+05,1.202,0.585
15,48,21,7.8863e+05,-0.065,-3.785
15,48,21,7.8867e+05,-0.67,1.546
15,48,21,7.8871e+05,0.856,-0.571
15,48,21,7.8875e+05,-0.587,-1.757
15,48,21,7.8879e+05,-0.318,1.604
15,48,21,7.8883e+05,0.096,0.957
15,48,21,7.8887e+05,1.543,-0.827
15,48,21,7.8891e+05,-0.361,0.361
15,48,21,7.8894e+05,-1.128,0.129
15,48,21,7.8898e+05,-0.448,-0.51
15,48,21,7.8902e+05,0.664,0.908
15,48,21,7.8906e+05,-1.201,0.638
15,48,21,7.891e+05,0.764,0.012
15,48,21,7.8914e+05,-0.029,-1.614
15,48,21,7.8918e+05,-0.379,-0.39
15,48,21,7.8922e+05,0.18,0.645
15,48,21,7.8926e+05,0.332,1.623
15,48,21,7.893e+05,0.012,-0.907
15,48,21,7.8934e+05,-0.456,-0.991
15,48,21,7.8937e+05,0.507,1.028
15,48,21,7.8941e+05,-0.24,-0.947
15,48,21,7.8945e+05,-0.412,0.647
15,48,21,7.8949e+05,-0.266,0.764
15,48,21,7.8953e+05,-0.691,-1.028
15,48,21,7.8957e+05,0.042,0.113
15,48,21,7.8961e+05,0.627,0.802
15,48,21,7.8965e+05,0.272,0.157
15,48,21,7.8969e+05,-0.07,0.057
15,48,21,7.8973e+05,0.424,-1.426
15,48,21,7.8976e+05,-0.6,-1.305
15,48,21,7.898e+05,0.413,1.086
15,48,21,7.8984e+05,0.035,2.09
15,48,21,7.8988e+05,-0.558,1.746
15,48,21,7.8992e+05,-0.473,0.017
15,48,21,7.8996e+05,0.106,-3.235
15,48,21,7.9e+05,1.02,0.053
15,48,21,7.9004e+05,0.859,0.372
15,48,21,7.9008e+05,-0.249,-0.797
15,48,21,7.9012e+05,-0.325,0.666
15,48,21,7.9016e+05,-0.513,0.774
15,48,21,7.902e+05,-1.005,-0.214
15,48,21,7.9023e+05,0.119,1.565
15,48,21,7.9027e+05,2.688,-0.375
15,48,21,7.9031e+05,0.691,-0.765
15,48,21,7.9035e+05,-0.175,-0.837
15,48,21,7.9039e+05,-1.281,-2.029
15,48,21,7.9043e+05,-0.543,0.859
15,48,21,7.9047e+05,-1.511,1.905
15,48,21,7.9051e+05,0.45,1.483
15,48,21,7.9055e+05,0.759,0.703
15,48,21,7.9058e+05,-0.421,-1.807
15,48,21,7.9062e+05,-0.476,-1.632
15,48,21,7.9066e+05,-0.17,-0.82
15,48,21,7.907e+05,-0.276,-0.101
15,48,21,7.9074e+05,0.763,1.878
15,48,21,7.9078e+05,0.829,1.585
15,48,21,7.9082e+05,0.635,-0.717
15,48,21,7.9086e+05,-0.024,-0.763
15,48,21,7.909e+05,-1.239,-1.148
15,48,21,7.9094e+05,-0.204,-0.023
15,48,21,7.9098e+05,0.261,2.065
15,48,21,7.9102e+05,-0.141,0.33
15,48,21,7.9105e+05,1.16,-0.338
15,48,21,7.9109e+05,0.207,-1.098
15,48,21,7.9113e+05,0.169,-0.628
15,48,21,7.9117e+05,-0.011,0.405
15,48,21,7.9121e+05,1.101,1.29
15,48,21,7.9125e+05,0.216,1.216
15,48,21,7.9129e+05,0.027,0.617
15,48,21,7.9133e+05,-0.069,-2.831
15,48,21,7.9137e+05,-0.528,-0.642
15,48,21,7.9141e+05,-0.25,-0.27
15,48,21,7.9144e+05,0.126,1.031
15,48,21,7.9148e+05,0.787,-0.019
15,48,21,7.9152e+05,-0.785,0.981
15,48,21,7.9156e+05,0.073,-0.065
15,48,21,7.916e+05,0.365,-2.464
15,48,21,7.9164e+05,0.416,2.661
15,48,21,7.9168e+05,0.216,-0.485
15,48,21,7.9172e+05,0.862,0.693
15,48,21,7.9176e+05,1.125,-1.359
15,48,21,7.918e+05,-0.413,-1.449
15,48,21,7.9184e+05,0.36,2.11
15,48,21,7.9187e+05,0.385,-0.136
15,48,21,7.9191e+05,0.264,0.235
15,48,21,7.9195e+05,0.094,2.23
15,48,21,7.9199e+05,0.456,-2.32
15,48,21,7.9203e+05,-0.317,-1.597
15,48,21,7.9207e+05,0.815,0.736
15,48,21,7.9211e+05,-0.979,-0.312
15,48,21,7.9215e+05,0.035,1.574
15,48,21,7.9219e+05,-0.337,-0.832
15,48,21,7.9223e+05,0.365,-0.579
15,48,21,7.9226e+05,0.319,0.224
15,48,21,7.923e+05,0.732,0.961
15,48,21,7.9234e+05,1.01,-1.802
15,48,21,7.9238e+05,-1.579,0.955
15,48,21,7.9242e+05,0.578,-0.003
15,48,21,7.9246e+05,0.22,-0.611
15,48,21,7.925e+05,1.214,1.873
15,48,21,7.9254e+05,-1.285,0.211
15,48,21,7.9258e+05,0.693,0.161
15,48,21,7.9262e+05,-0.153,-2.887
15,48,21,7.9266e+05,-0.908,2.169
15,48,21,7.927e+05,-0.868,-0.038
15,48,21,7.9273e+05,-0.71,-0.206
15,48,21,7.9277e+05,-1.153,1.234
15,48,21,7.9281e+05,-0.276,0.58
15,48,21,7.9285e+05,-0.08,-1.561
15,48,21,7.9289e+05,0.579,-1.145
15,48,21,7.9293e+05,-1.255,0.626
15,48,21,7.9297e+05,0.999,0.119
15,48,21,7.9301e+05,0.637,-1.588
15,48,21,7.9305e+05,-0.336,1.59
15,48,21,7.9308e+05,1.726,-1.167
15,48,21,7.9312e+05,0.586,-0.275
15,48,21,7.9316e+05,0.246,1.343
15,48,21,7.932e+05,-1.604,1.412
15,48,21,7.9324e+05,-0.253,-1.955
15,48,21,7.9328e+05,0.454,-0.597
15,48,21,7.9332e+05,-0.167,2.082
15,48,21,7.9336e+05,-1.321,-1.161
15,48,21,7.934e+05,-0.473,0.652
15,48,21,7.9344e+05,-0.273,-1.07
15,48,21,7.9348e+05,-0.614,-0.351
15,48,21,7.9352e+05,0.504,3.084
15,48,21,7.9355e+05,0.699,-0.932
15,48,21,7.9359e+05,-0.108,-0.967
15,48,21,7.9363e+05,1.106,-1.985
15,48,21,7.9367e+05,-0.012,-0.789
15,48,21,7.9371e+05,0.519,1.299
15,48,21,7.9375e+05,-1.043,1.706
15,48,21,7.9379e+05,-0.701,1.293
15,48,21,7.9383e+05,-0.785,-1.289
15,48,21,7.9387e+05,0.628,0.343
15,48,21,7.9391e+05,-0.862,-0.11
15,48,21,7.9394e+05,-1.023,0.093
15,48,21,7.9398e+05,0.21,-1.494
15,48,21,7.9402e+05,-0.696,0.804
15,48,21,7.9406e+05,-0.472,0.847
15,48,21,7.941e+05,-0.077,0.042
15,48,21,7.9414e+05,0.247,0.882
15,48,21,7.9418e+05,-0.546,-0.401
15,48,21,7.9422e+05,1.047,0.175
15,48,21,7.9426e+05,0.679,-0.962
15,48,21,7.943e+05,-0.582,0.956
15,48,21,7.9434e+05,-1.637,0.126
15,48,21,7.9437e+05,-0.003,1.182
15,48,21,7.9441e+05,1.486,-0.169
15,48,21,7.9445e+05,-0.481,1.02
15,48,21,7.9449e+05,0.145,0.088
15,48,21,7.9453e+05,-0.346,-2.67
15,48,21,7.9457e+05,-0.25,-0.888
15,48,21,7.9461e+05,-1.369,-0.387
15,48,21,7.9465e+05,0.478,3.124
15,48,21,7.9469e+05,1.106,0.925
15,48,21,7.9473e+05,0.172,-0.776
15,48,21,7.9476e+05,-0.513,-0.041
15,48,21,7.948e+05,-0.544,-0.593
15,48,21,7.9484e+05,0.408,-0.448
15,48,21,7.9488e+05,-0.294,1.707
15,48,21,7.9492e+05,0.65,0.783
15,48,21,7.9496e+05,-0.265,-0.001
15,48,21,7.95e+05,0.468,-0.426
15,48,21,7.9504e+05,0.273,-1.517
15,48,21,7.9508e+05,-1.465,2.963
15,48,21,7.9512e+05,0.334,1.14
15,48,21,7.9516e+05,-0.492,-2.39
15,48,21,7.952e+05,-0.222,0.156
15,48,21,7.9523e+05,-0.425,0.09
15,48,21,7.9527e+05,-0.411,-0.56
15,48,21,7.9531e+05,-0.87,0.858
15,48,21,7.9535e+05,-0.196,0.512
15,48,21,7.9539e+05,-0.847,0.067
15,48,21,7.9543e+05,0.236,-0.124
15,48,21,7.9547e+05,-0.647,-0.292
15,48,21,7.9551e+05,-0.065,-1.074
15,48,21,7.9555e+05,-1.242,2.179
15,48,21,7.9558e+05,1.711,0.461
15,48,21,7.9562e+05,-0.538,-3.489
15,48,21,7.9566e+05,0.291,2.842
15,48,21,7.957e+05,-0.641,-0.673
15,48,21,7.9574e+05,0.769,-1.407
15,48,21,7.9578e+05,-0.882,2.262
15,48,21,7.9582e+05,-1.147,4.04
15,48,21,7.9586e+05,-0.072,-4.29
15,48,21,7.959e+05,0.002,-1.199
15,48,21,7.9594e+05,0.56,1.473
15,48,21,7.9598e+05,-0.298,-1.543
15,48,21,7.9602e+05,0.01,-0.375
15,48,21,7.9605e+05,-0.491,-0.484
15,48,21,7.9609e+05,0.062,1.482
15,48,21,7.9613e+05,-0.462,1.867
15,48,21,7.9617e+05,0.254,-0.683
15,48,21,7.9621e+05,-0.42,-0.841
15,48,21,7.9625e+05,0.487,-1.556
15,48,21,7.9629e+05,-0.575,-0.284
15,48,21,7.9633e+05,-0.413,1.186
15,48,21,7.9637e+05,0.24,0.502
15,48,21,7.9641e+05,0.126,0.248
15,48,21,7.9644e+05,-0.723,-0.393
15,48,21,7.9648e+05,-0.335,1.737
15,48,21,7.9652e+05,0.225,-2.34
15,48,21,7.9656e+05,-0.216,-1.046
15,48,21,7.966e+05,-0.056,0.855
15,48,21,7.9664e+05,-0.41,-1.883
15,48,21,7.9668e+05,1.382,-0.084
15,48,21,7.9672e+05,-0.876,0.06
15,48,21,7.9676e+05,-0.956,0.995
15,48,21,7.968e+05,0.1,0.879
15,48,21,7.9684e+05,-0.191,-0.29
15,48,21,7.9687e+05,-0.4,0.779
15,48,21,7.9691e+05,-0.874,-1.146
15,48,21,7.9695e+05,1.009,-2.199
15,48,21,7.9699e+05,-0.648,1.253
15,48,21,7.9703e+05,0.711,-0.629
15,48,21,7.9707e+05,0.2,-0.489
15,48,21,7.9711e+05,0.809,1.767
15,48,21,7.9715e+05,-1.057,-1.694
15,48,21,7.9719e+05,-0.891,1.3
15,48,21,7.9723e+05,-0.348,-0.298
15,48,21,7.9726e+05,0.799,-0.374
15,48,21,7.973e+05,1.046,0.149
15,48,21,7.9734e+05,1.289,-0.687
15,48,21,7.9738e+05,1.564,-0.286
15,48,21,7.9742e+05,3.321,-1.628
15,48,21,7.9746e+05,2.846,-0.208
15,48,21,7.975e+05,2.34,-1.408
15,48,21,7.9754e+05,-0.052,1.222
15,48,21,7.9758e+05,0.373,3.194
15,48,21,7.9762e+05,-0.123,1.396
15,48,21,7.9766e+05,0.457,2.375
15,48,21,7.977e+05,-1.262,-3.55
15,48,21,7.9773e+05,-2.268,-0.977
15,48,21,7.9777e+05,-2.587,0.291
15,48,21,7.9781e+05,-4.823,-1.724
15,48,21,7.9785e+05,-5.448,0.449
15,48,21,7.9789e+05,-5.585,1.857
15,48,21,7.9793e+05,-1.802,-0.081
15,48,21,7.9797e+05,-0.408,0.616
15,48,21,7.9801e+05,1.146,-1.025
15,48,21,7.9805e+05,2.331,-4.532
15,48,21,7.9808e+05,2.832,-1.242
15,48,21,7.9812e+05,1.335,-1.034
15,48,21,7.9816e+05,2.368,-0.052
15,48,21,7.982e+05,0.823,2.309
15,48,21,7.9824e+05,-0.179,2.233
15,48,21,7.9828e+05,-1.041,2.717
15,48,21,7.9832e+05,-2.785,-0.433
15,48,21,7.9836e+05,-1.514,2.534
15,48,21,7.984e+05,-0.041,1.34
15,48,21,7.9844e+05,2.477,-3.617
15,48,21,7.9848e+05,0.507,-3.954
15,48,21,7.9852e+05,1.17,-3.53
15,48,21,7.9855e+05,1.572,-0.95
15,48,21,7.9859e+05,0.051,0.555
15,48,21,7.9863e+05,1.13,1.425
15,48,21,7.9867e+05,0.49,3.197
15,48,21,7.9871e+05,0.714,1.912
15,48,21,7.9875e+05,0.466,0.894
15,48,21,7.9879e+05,-0.258,-1.467
15,48,21,7.9883e+05,-0.504,-1.454
15,48,21,7.9887e+05,-1.57,1.105
15,48,21,7.9891e+05,-0.326,-1.896
15,48,21,7.9894e+05,-1.348,1.516
15,48,21,7.9898e+05,0.905,0.472
15,48,21,7.9902e+05,0.343,-0.934
15,48,21,7.9906e+05,1.387,0.45
15,48,21,7.991e+05,0.695,-0.739
15,48,21,7.9914e+05,-0.044,1.834
15,48,21,7.9918e+05,0.198,-1.97
15,48,21,7.9922e+05,0.325,0.507
15,48,21,7.9926e+05,0.162,0.228
15,48,21,7.993e+05,-0.284,0.107
15,48,21,7.9934e+05,0.555,-0.56
15,48,21,7.9937e+05,-2.125,-1.157
15,48,21,7.9941e+05,-0.655,2
15,48,21,7.9945e+05,-1.086,0.04
15,48,21,7.9949e+05,0.585,0.434
15,48,21,7.9953e+05,0.101,1.225
15,48,21,7.9957e+05,0.965,-1.406
15,48,21,7.9961e+05,-1.627,-1.66
15,48,21,7.9965e+05,0.443,0.861
15,48,21,7.9969e+05,0.144,-0.2
15,48,21,7.9973e+05,0.116,2.152
15,48,21,7.9976e+05,-0.351,-0.348
15,48,21,7.998e+05,0.373,-1.234
15,48,21,7.9984e+05,-1.583,-1.772
15,48,21,7.9988e+05,-1.622,-1.226
15,48,21,7.9992e+05,-0.763,1.099
15,48,21,7.9996e+05,-0.498,1.615
15,48,21,8e+05,1.485,0.075
15,48,21,8.0004e+05,-0.064,-0.662
15,48,21,8.0008e+05,0.402,-0.479
15,48,21,8.0012e+05,0.077,0.103
15,48,21,8.0016e+05,0.302,2.297
15,48,21,8.002e+05,1.658,0.387
15,48,21,8.0023e+05,-0.801,0.828
15,48,21,8.0027e+05,0.089,-0.07
15,48,21,8.0031e+05,-0.097,-2.856
15,48,21,8.0035e+05,-1.46,-0.609
15,48,21,8.0039e+05,-0.768,0.962
15,48,21,8.0043e+05,-1.21,1.378
15,48,21,8.0047e+05,-0.828,-0.705
15,48,21,8.0051e+05,-0.162,-0.988
15,48,21,8.0055e+05,-0.45,0.676
15,48,21,8.0058e+05,1.217,0.559
15,48,21,8.0062e+05,0.306,1.158
15,48,21,8.0066e+05,1.195,-0.449
15,48,21,8.007e+05,0.629,-0.376
15,48,21,8.0074e+05,0.589,0.062
15,48,21,8.0078e+05,-0.539,0.842
15,48,21,8.0082e+05,0.302,1.467
15,48,21,8.0086e+05,-0.347,-2.602
15,48,21,8.009e+05,-1.81,1.163
15,48,21,8.0094e+05,-0.908,0.205
15,48,21,8.0098e+05,-0.29,-1.078
15,48,21,8.0102e+05,-0.138,0.34
15,48,21,8.0105e+05,-0.336,-0.825
15,48,21,8.0109e+05,-0.425,-1.036
15,48,21,8.0113e+05,0.845,-0.169
15,48,21,8.0117e+05,-0.071,-0.283
15,48,21,8.0121e+05,0.042,0.118
15,48,21,8.0125e+05,-0.129,0.805
15,48,21,8.0129e+05,0.07,-0.209
15,48,21,8.0133e+05,0.401,-0.774
15,48,21,8.0137e+05,-1.133,1.744
15,48,21,8.0141e+05,0.21,-0.505
15,48,21,8.0144e+05,-0.17,1.096
15,48,21,8.0148e+05,0.348,0.23
15,48,21,8.0152e+05,-1.108,-1.165
15,48,21,8.0156e+05,0.43,-0.749
15,48,21,8.016e+05,-0.762,0.226
15,48,21,8.0164e+05,1.22,0.032
15,48,21,8.0168e+05,-2.341,1.231
15,48,21,8.0172e+05,-0.606,4.216
15,48,21,8.0176e+05,-1.038,-5.935
15,48,21,8.018e+05,0.839,1.707
15,48,21,8.0184e+05,1.057,0.055
15,48,21,8.0187e+05,-0.786,-2.493
15,48,21,8.0191e+05,2.516,-0.805
15,48,21,8.0195e+05,-0.848,-0.18
15,48,21,8.0199e+05,2.688,-0.057
15,48,21,8.0203e+05,-0.459,1.227
15,48,21,8.0207e+05,3.244,2.797
15,48,21,8.0211e+05,-0.681,-4.139
15,48,21,8.0215e+05,0.345,-0.37
15,48,21,8.0219e+05,-2.272,-0.385
15,48,21,8.0223e+05,-0.749,1.749
15,48,21,8.0226e+05,-3.001,5.606
15,48,21,8.023e+05,-1.056,0.637
15,48,21,8.0234e+05,-1.869,-1.355
15,48,21,8.0238e+05,-0.868,2.053
15,48,21,8.0242e+05,0.032,-4.778
15,48,21,8.0246e+05,-0.855,1.92
15,48,21,8.025e+05,1.805,-2.619
15,48,21,8.0254e+05,0.472,-4.383
15,48,21,8.0258e+05,3.821,1.003
15,48,21,8.0262e+05,0.546,-2.726
15,48,21,8.0266e+05,3.127,2.101
15,48,21,8.027e+05,-0.318,1.166
15,48,21,8.0273e+05,-0.272,-0.387
15,48,21,8.0277e+05,-1.938,-0.189
15,48,21,8.0281e+05,-2.25,1.078
15,48,21,8.0285e+05,-1.976,1.398
15,48,21,8.0289e+05,-1.475,3.298
15,48,21,8.0293e+05,-0.847,-0.17
15,48,21,8.0297e+05,0.224,-2.566
15,48,21,8.0301e+05,2.138,-2.56
15,48,21,8.0305e+05,1.337,-3.895
15,48,21,8.0308e+05,1.442,0.185
15,48,21,8.0312e+05,0.162,0.129
15,48,21,8.0316e+05,0.525,-1.685
15,48,21,8.032e+05,-1.057,-0.352
15,48,21,8.0324e+05,-1.049,0.852
15,48,21,8.0328e+05,-2.62,1.359
15,48,21,8.0332e+05,-0.562,4.755
15,48,21,8.0336e+05,-0.118,-0.567
15,48,21,8.034e+05,0.628,-1.961
15,48,21,8.0344e+05,0.517,1.479
15,48,21,8.0348e+05,0.793,-0.274
15,48,21,8.0352e+05,1.906,-0.7
15,48,21,8.0355e+05,1.454,2.355
15,48,21,8.0359e+05,2.199,-2.448
15,48,21,8.0363e+05,1.31,-0.227
15,48,21,8.0367e+05,1.971,-0.251
15,48,21,8.0371e+05,-1.333,-3.136
15,48,21,8.0375e+05,0.046,1.675
15,48,21,8.0379e+05,-0.932,1.864
15,48,21,8.0383e+05,-1.226,-1.471
15,48,21,8.0387e+05,-1.597,0.77
15,48,21,8.0391e+05,-0.843,1.361
15,48,21,8.0394e+05,-1.933,-0.766
15,48,21,8.0398e+05,0.249,1.072
15,48,21,8.0402e+05,1.107,0.311
15,48,21,8.0406e+05,1.69,-0.733
15,48,21,8.041e+05,-0.249,0.319
15,48,21,8.0414e+05,1.275,-1.857
15,48,21,8.0418e+05,0.534,-0.18
15,48,21,8.0422e+05,0.648,-0.2
15,48,21,8.0426e+05,-0.665,-0.352
15,48,21,8.043e+05,0.3,0.941
15,48,21,8.0434e+05,0.735,-2.606
15,48,21,8.0437e+05,-0.806,-0.441
15,48,21,8.0441e+05,-0.517,-0.524
15,48,21,8.0445e+05,-1.559,-0.475
15,48,21,8.0449e+05,-0.942,1.531
15,48,21,8.0453e+05,-0.839,0.779
15,48,21,8.0457e+05,-0.681,0.833
15,48,21,8.0461e+05,1.009,0.639
15,48,21,8.0465e+05,0.306,-0.965
15,48,21,8.0469e+05,0.757,-1.031
15,48,21,8.0473e+05,1.052,0.201
15,48,21,8.0476e+05,0.334,0.079
15,48,21,8.048e+05,1.61,0.08
15,48,21,8.0484e+05,1.041,0.584
15,48,21,8.0488e+05,1.28,-0.978
15,48,21,8.0492e+05,-0.502,0.215
15,48,21,8.0496e+05,-0.656,1.512
15,48,21,8.05e+05,-0.843,-1.381
15,48,21,8.0504e+05,-0.822,1.381
15,48,21,8.0508e+05,-0.521,0.402
15,48,21,8.0512e+05,-0.632,-0.137
15,48,21,8.0516e+05,0.05,0.031
15,48,21,8.052e+05,0.138,-0.352
15,48,21,8.0523e+05,-0.005,1.38
15,48,21,8.0527e+05,0.612,-0.303
15,48,21,8.0531e+05,1.347,-0.816
15,48,21,8.0535e+05,-0.051,1.165
15,48,21,8.0539e+05,0.762,-0.729
15,48,21,8.0543e+05,-0.023,-1.595
15,48,21,8.0547e+05,0.578,0.114
15,48,21,8.0551e+05,-0.496,0.354
15,48,21,8.0555e+05,-0.357,-0.71
15,48,21,8.0558e+05,-1.503,0.611
15,48,21,8.0562e+05,-0.104,0.311
15,48,21,8.0566e+05,-1.139,-0.295
15,48,21,8.057e+05,-0.017,-0.419
15,48,21,8.0574e+05,-0.588,-1.124
15,48,21,8.0578e+05,0.806,1.594
15,48,21,8.0582e+05,-0.046,-0.749
15,48,21,8.0586e+05,0.601,-2.116
15,48,21,8.059e+05,-0.756,0.732
15,48,21,8.0594e+05,0.296,1.895
15,48,21,8.0598e+05,0.192,-2.188
15,48,21,8.0602e+05,1.359,0.8
15,48,21,8.0605e+05,-0.249,0.033
15,48,21,8.0609e+05,-0.194,-0.101
15,48,21,8.0613e+05,-0.719,-0.668
15,48,21,8.0617e+05,-1.666,1.699
15,48,21,8.0621e+05,-0.545,1.49
15,48,21,8.0625e+05,-0.609,-0.294
15,48,21,8.0629e+05,1.508,-0.251
15,48,21,8.0633e+05,0.012,-0.575
15,48,21,8.0637e+05,-0.672,-1.529
15,48,21,8.0641e+05,-2.622,-1.848
15,48,21,8.0644e+05,-2.148,2.712
15,48,21,8.0648e+05,-3.036,1.688
15,48,21,8.0652e+05,-2.19,2.357
15,48,21,8.0656e+05,-2.093,0.391
15,48,21,8.066e+05,-1.05,-1.091
15,48,21,8.0664e+05,1.287,-2.103
15,48,21,8.0668e+05,-2.428,0.568
15,48,21,8.0672e+05,-1.831,0.893
15,48,21,8.0676e+05,0.508,-2.223
15,48,21,8.068e+05,2.304,0.677
15,48,21,8.0684e+05,3.751,1.864
15,48,21,8.0687e+05,5.226,1.238
15,48,21,8.0691e+05,5.761,-2.876
15,48,21,8.0695e+05,4.902,-3.737
15,48,21,8.0699e+05,3.122,-0.197
15,48,21,8.0703e+05,2.583,0.337
15,48,21,8.0707e+05,0.429,1.707
15,48,21,8.0711e+05,-1.121,0.211
15,48,21,8.0715e+05,-1.05,-1.663
15,48,21,8.0719e+05,-1.515,0.26
15,48,21,8.0723e+05,-1.595,-1.233
15,48,21,8.0726e+05,-1.993,1.551
15,48,21,8.073e+05,-0.37,-0.199
15,48,21,8.0734e+05,0.062,-2.088
15,48,21,8.0738e+05,0.034,1.25
15,48,21,8.0742e+05,1.918,-1.285
15,48,21,8.0746e+05,0.798,0.076
15,48,21,8.075e+05,-0.92,0.735
15,48,21,8.0754e+05,-1.77,-1.174
15,48,21,8.0758e+05,-0.689,0.616
15,48,21,8.0762e+05,-2.223,2.326
15,48,21,8.0766e+05,-0.34,3.714
15,48,21,8.077e+05,1.885,-1.916
15,48,21,8.0773e+05,1.021,-3.301
15,48,21,8.0777e+05,-0.892,-1.433
15,48,21,8.0781e+05,-2.431,-0.824
15,48,21,8.0785e+05,-0.549,-0.75
15,48,21,8.0789e+05,-3.483,5.583
15,48,21,8.0793e+05,-0.653,4.7
15,48,21,8.0797e+05,-0.002,-0.971
15,48,21,8.0801e+05,1.676,0.387
15,48,21,8.0805e+05,-0.451,-1.004
15,48,21,8.0808e+05,2.041,-0.867
15,48,21,8.0812e+05,-0.692,-1.022
15,48,21,8.0816e+05,0.339,0.141
15,48,21,8.082e+05,-0.868,1.987
15,48,21,8.0824e+05,1.494,1.146
15,48,21,8.0828e+05,0.803,-4.016
15,48,21,8.0832e+05,1.194,-0.836
15,48,21,8.0836e+05,0.236,-1.288
15,48,21,8.084e+05,-0.546,-1.813
15,48,21,8.0844e+05,-0.881,0.877
15,48,21,8.0848e+05,-1.893,1.518
15,48,21,8.0852e+05,-1.353,2.181
15,48,21,8.0855e+05,-1.1,-0.526
15,48,21,8.0859e+05,0.508,0.107
15,48,21,8.0863e+05,-0.785,-1.697
15,48,21,8.0867e+05,-0.828,-2.381
15,48,21,8.0871e+05,0.059,-0.394
15,48,21,8.0875e+05,2.248,-0.666
15,48,21,8.0879e+05,1.699,0.906
15,48,21,8.0883e+05,1.487,2.154
15,48,21,8.0887e+05,1.501,-0.776
15,48,21,8.0891e+05,0.686,0.65
15,48,21,8.0894e+05,0.733,0.484
15,48,21,8.0898e+05,-0.481,1.47
15,48,21,8.0902e+05,-0.563,1.981
15,48,21,8.0906e+05,-0.782,-4.181
15,48,21,8.091e+05,-2.18,-1.648
15,48,21,8.0914e+05,-1.422,1.347
15,48,21,8.0918e+05,-2.944,-0.296
15,48,21,8.0922e+05,0.11,0.294
15,48,21,8.0926e+05,-0.688,0.457
15,48,21,8.093e+05,0.654,0.021
15,48,21,8.0934e+05,0.956,-2.175
15,48,21,8.0937e+05,2.076,1.341
15,48,21,8.0941e+05,0.913,-0.284
15,48,21,8.0945e+05,1.426,-0.387
15,48,21,8.0949e+05,1.427,0.564
15,48,21,8.0953e+05,0.392,1.252
15,48,21,8.0957e+05,1.277,0.574
15,48,21,8.0961e+05,-0.667,-0.215
15,48,21,8.0965e+05,-1.528,-0.398
15,48,21,8.0969e+05,-1.4,0.28
15,48,21,8.0973e+05,0.202,-0.51
15,48,21,8.0976e+05,0.07,-2.218
15,48,21,8.098e+05,-0.689,2.842
15,48,21,8.0984e+05,0.924,0.343
15,48,21,8.0988e+05,0.673,-3.2
15,48,21,8.0992e+05,1.078,0.617
15,48,21,8.0996e+05,0.319,1.377
15,48,21,8.1e+05,1.953,-2.368
15,48,21,8.1004e+05,0.151,0.518
15,48,21,8.1008e+05,1.172,0.626
15,48,21,8.1012e+05,-0.651,-2.395
15,48,21,8.1016e+05,0.44,2.306
15,48,21,8.102e+05,0.089,-0.609
15,48,21,8.1023e+05,-0.087,1.423
15,48,21,8.1027e+05,0.329,-0.436
15,48,21,8.1031e+05,0.115,-2.438
15,48,21,8.1035e+05,-0.577,1.201
15,48,21,8.1039e+05,-0.84,1.38
15,48,21,8.1043e+05,0.939,-0.628
15,48,21,8.1047e+05,0.274,0.209
15,48,21,8.1051e+05,-0.08,1.752
15,48,21,8.1055e+05,-1.093,-0.018
15,48,21,8.1058e+05,0.445,-1.37
15,48,21,8.1062e+05,-0.059,0.001
15,48,21,8.1066e+05,-0.61,1.608
15,48,21,8.107e+05,1.277,-1.64
15,48,21,8.1074e+05,0.665,-0.491
15,48,21,8.1078e+05,0.163,0.014
15,48,21,8.1082e+05,-0.319,1.667
15,48,21,8.1086e+05,0.73,0.885
15,48,21,8.109e+05,0.623,-1.334
15,48,21,8.1094e+05,-0.041,2.712
15,48,21,8.1098e+05,0.347,-1.572
15,48,21,8.1102e+05,0.12,-1.707
15,48,21,8.1105e+05,-0.855,-0.045
15,48,21,8.1109e+05,-0.824,-1.022
15,48,21,8.1113e+05,-0.176,1.072
15,48,21,8.1117e+05,-0.808,0.825
15,48,21,8.1121e+05,0.47,1.315
15,48,21,8.1125e+05,0.282,-1.086
15,48,21,8.1129e+05,1.4,-0.168
15,48,21,8.1133e+05,-0.796,-0.245
15,48,21,8.1137e+05,-0.102,-1.031
15,48,21,8.1141e+05,0.479,2.052
15,48,21,8.1144e+05,1.34,0.101
15,48,21,8.1148e+05,0.49,-0.08
15,48,21,8.1152e+05,-0.644,0.957
15,48,21,8.1156e+05,0.078,-3.846
15,48,21,8.116e+05,-1.482,2.034
15,48,21,8.1164e+05,-0.365,1.083
15,48,21,8.1168e+05,-0.923,-1.394
15,48,21,8.1172e+05,1.062,1.413
15,48,21,8.1176e+05,-0.294,-0.87
15,48,21,8.118e+05,-0.444,-1.401
15,48,21,8.1184e+05,0.792,0.335
15,48,21,8.1187e+05,0.529,1.475
15,48,21,8.1191e+05,-0.618,1.164
15,48,21,8.1195e+05,1.149,-1.747
15,48,21,8.1199e+05,-0.924,0.281
15,48,21,8.1203e+05,-0.563,0.423
15,48,21,8.1207e+05,-0.508,0.496
15,48,21,8.1211e+05,1.711,0.163
15,48,21,8.1215e+05,-0.782,0.432
15,48,21,8.1219e+05,1.301,-0.299
15,48,21,8.1223e+05,-1.32,-2.366
15,48,21,8.1226e+05,0.623,0.985
15,48,21,8.123e+05,-1.971,-0.283
15,48,21,8.1234e+05,0.302,2.39
15,48,21,8.1238e+05,0.728,-0.962
15,48,21,8.1242e+05,0.398,-1.04
15,48,21,8.1246e+05,0.301,-0.225
15,48,21,8.125e+05,-0.613,-1.144
15,48,21,8.1254e+05,-0.689,0.029
15,48,21,8.1258e+05,0.091,1.079
15,48,21,8.1262e+05,0.688,0.269
15,48,21,8.1266e+05,-0.593,0.331
15,48,21,8.127e+05,0.553,-0.922
15,48,21,8.1273e+05,-0.472,0.352
15,48,21,8.1277e+05,0.708,-0.433
15,48,21,8.1281e+05,-0.843,0.802
15,48,21,8.1285e+05,0.868,-0.661
15,48,21,8.1289e+05,-0.395,-0.004
15,48,21,8.1293e+05,0.477,0.155
15,48,21,8.1297e+05,-1.026,-0.101
15,48,21,8.1301e+05,0.391,0.48
15,48,21,8.1305e+05,-0.621,-2.142
15,48,21,8.1308e+05,-0.603,2.885
15,48,21,8.1312e+05,-0.323,-0.759
15,48,21,8.1316e+05,0.887,-0.197
15,48,21,8.132e+05,0.019,2.127
15,48,21,8.1324e+05,1.32,-3.164
15,48,21,8.1328e+05,-0.515,0.049
15,48,21,8.1332e+05,-0.508,2.395
15,48,21,8.1336e+05,-0.212,-0.724
15,48,21,8.134e+05,0.063,-0.091
15,48,21,8.1344e+05,-0.697,-0.711
15,48,21,8.1348e+05,-0.164,-0.172
15,48,21,8.1352e+05,-0.895,0.145
15,48,21,8.1355e+05,-1.374,3.04
15,48,21,8.1359e+05,-0.972,-0.809
15,48,21,8.1363e+05,2.217,-3.657
15,48,21,8.1367e+05,1.089,4.302
15,48,21,8.1371e+05,1.171,-1.376
15,48,21,8.1375e+05,-0.308,-1.979
15,48,21,8.1379e+05,-0.046,0.258
15,48,21,8.1383e+05,-0.616,-0.249
15,48,21,8.1387e+05,0.223,2.745
15,48,21,8.1391e+05,-0.066,-0.396
15,48,21,8.1394e+05,0.918,-0.31
15,48,21,8.1398e+05,-1.291,-0.707
15,48,21,8.1402e+05,-0.437,-2.415
15,48,21,8.1406e+05,-2.369,-0.189
15,48,21,8.141e+05,-0.682,3.234
15,48,21,8.1414e+05,-0.534,0.8
15,48,21,8.1418e+05,0.753,-0.306
15,48,21,8.1422e+05,0.27,-1.145
15,48,21,8.1426e+05,1.275,-0.579
15,48,21,8.143e+05,1.72,-3.088
15,48,21,8.1434e+05,-0.541,0.946
15,48,21,8.1437e+05,0.862,0.356
15,48,21,8.1441e+05,1.222,0.345
15,48,21,8.1445e+05,1.852,2.336
15,48,21,8.1449e+05,-2.183,0.836
15,48,21,8.1453e+05,-2.345,-1.297
15,48,21,8.1457e+05,-1.543,-2.05
15,48,21,8.1461e+05,0.647,1.597
15,48,21,8.1465e+05,-0.022,3.2
15,48,21,8.1469e+05,0.03,-0.216
15,48,21,8.1473e+05,-0.225,-4.099
15,48,21,8.1476e+05,-1.039,-1.998
15,48,21,8.148e+05,-0.563,1.25
15,48,21,8.1484e+05,1.016,3.083
15,48,21,8.1488e+05,1.55,0.539
15,48,21,8.1492e+05,0.54,-1.218
15,48,21,8.1496e+05,0.499,-3.432
15,48,21,8.15e+05,-0.446,-2.196
15,48,21,8.1504e+05,-0.092,2.176
15,48,21,8.1508e+05,-0.785,2.003
15,48,21,8.1512e+05,0.674,2.013
15,48,21,8.1516e+05,-0.268,-2.706
15,48,21,8.152e+05,-0.405,-1.747
15,48,21,8.1523e+05,-0.062,0.755
15,48,21,8.1527e+05,0.283,1.475
15,48,21,8.1531e+05,0.557,1.233
15,48,21,8.1535e+05,-0.361,-1.705
15,48,21,8.1539e+05,0.41,-0.407
15,48,21,8.1543e+05,-0.135,-1.035
15,48,21,8.1547e+05,-0.117,-0.692
15,48,21,8.1551e+05,-0.497,1.988
15,48,21,8.1555e+05,0.776,0.544
15,48,21,8.1558e+05,-1.03,-1.16
15,48,21,8.1562e+05,0.076,0.402
15,48,21,8.1566e+05,0.209,-1.146
15,48,21,8.157e+05,0.658,-1.281
15,48,21,8.1574e+05,-0.352,2.788
15,48,21,8.1578e+05,0.232,-1.536
15,48,21,8.1582e+05,0.339,-2.184
15,48,21,8.1586e+05,0.668,1.644
15,48,21,8.159e+05,-0.252,0.5
15,48,21,8.1594e+05,1.077,0.52
15,48,21,8.1598e+05,1.381,-0.616
15,48,21,8.1602e+05,-0.925,-0.299
15,48,21,8.1605e+05,-1.095,1.782
15,48,21,8.1609e+05,1.13,-1.534
15,48,21,8.1613e+05,0.602,0.397
15,48,21,8.1617e+05,-0.865,2.863
15,48,21,8.1621e+05,0.155,-2.274
15,48,21,8.1625e+05,0.758,-0.746
15,48,21,8.1629e+05,-0.746,-0.895
15,48,21,8.1633e+05,-0.332,2.312
15,48,21,8.1637e+05,2.854,0.274
15,48,21,8.1641e+05,0.291,-2.944
15,48,21,8.1644e+05,-0.338,1.583
15,48,21,8.1648e+05,-0.576,-1.041
15,48,21,8.1652e+05,0.607,-1.99
15,48,21,8.1656e+05,-2.126,1.832
15,48,21,8.166e+05,-0.79,2.224
15,48,21,8.1664e+05,0.664,-0.728
15,48,21,8.1668e+05,0.349,-0.997
15,48,21,8.1672e+05,-0.984,0.049
15,48,21,8.1676e+05,0.146,-1.169
15,48,21,8.168e+05,1.92,-0.076
15,48,21,8.1684e+05,-1.527,2.372
15,48,21,8.1687e+05,-0.799,1.096
15,48,21,8.1691e+05,0.771,-1.678
15,48,21,8.1695e+05,0.485,-0.976
15,48,21,8.1699e+05,-0.338,-0.165
15,48,21,8.1703e+05,-0.406,1.885
15,48,21,8.1707e+05,0.571,-1.956
15,48,21,8.1711e+05,-1.309,-0.399
15,48,21,8.1715e+05,-0.187,0.803
15,48,21,8.1719e+05,-0.249,-0.564
15,48,21,8.1723e+05,1.206,2.045
15,48,21,8.1726e+05,0.025,-0.522
15,48,21,8.173e+05,0.588,-1.213
15,48,21,8.1734e+05,0.049,-1.789
15,48,21,8.1738e+05,-0.566,0.495
15,48,21,8.1742e+05,0.434,0.324
15,48,21,8.1746e+05,-1.645,1.427
15,48,21,8.175e+05,-0.068,2.495
15,48,21,8.1754e+05,-0.493,-1.86
15,48,21,8.1758e+05,1.79,-0.494
15,48,21,8.1762e+05,-0.957,0.57
15,48,21,8.1766e+05,-0.037,-0.124
15,48,21,8.177e+05,0.434,-1.808
15,48,21,8.1773e+05,0.249,-0.244
15,48,21,8.1777e+05,-0.133,0.946
15,48,21,8.1781e+05,0.357,0.693
15,48,21,8.1785e+05,0.221,-1.456
15,48,21,8.1789e+05,-0.185,1.307
15,48,21,8.1793e+05,-1.077,0.695
15,48,21,8.1797e+05,-0.32,-0.89
15,48,21,8.1801e+05,-0.02,-1.311
15,48,21,8.1805e+05,-0.53,0.292
15,48,21,8.1808e+05,-0.136,0.684
15,48,21,8.1812e+05,-1.455,-0.582
15,48,21,8.1816e+05,0.904,-0.104
15,48,21,8.182e+05,-0.613,-0.479
15,48,21,8.1824e+05,0.065,2.561
15,48,21,8.1828e+05,1.442,-0.297
15,48,21,8.1832e+05,-0.037,-1.465
15,48,21,8.1836e+05,0.454,-0.258
15,48,21,8.184e+05,-0.911,0.912
15,48,21,8.1844e+05,-0.264,-1.526
15,48,21,8.1848e+05,-0.725,1.336
15,48,21,8.1852e+05,0.631,1.65
15,48,21,8.1855e+05,-1.363,-0.692
15,48,21,8.1859e+05,0.484,0.096
15,48,21,8.1863e+05,-1.337,-0.982
15,48,21,8.1867e+05,0.619,-0.315
15,48,21,8.1871e+05,-0.002,0.861
15,48,21,8.1875e+05,0.816,0.857
15,48,21,8.1879e+05,-0.127,-1.1
15,48,21,8.1883e+05,0.143,0.1
15,48,21,8.1887e+05,-1.021,-0.323
15,48,21,8.1891e+05,0.724,-0.112
15,48,21,8.1894e+05,0.532,0.863
15,48,21,8.1898e+05,-0.001,0.392
15,48,21,8.1902e+05,-0.207,-1.048
15,48,21,8.1906e+05,-0.896,0.244
15,48,21,8.191e+05,0.557,-2.015
15,48,21,8.1914e+05,-1.622,2.153
15,48,21,8.1918e+05,0.428,1.072
15,48,21,8.1922e+05,-1.056,-1.463
15,48,21,8.1926e+05,0.624,-0.564
15,48,21,8.193e+05,-0.552,0.611
15,48,21,8.1934e+05,1.145,0.912
15,48,21,8.1937e+05,-0.619,-2.71
15,48,21,8.1941e+05,-0.397,1.273
15,48,21,8.1945e+05,-1.085,0.94
15,48,21,8.1949e+05,0.583,-0.328
15,48,21,8.1953e+05,0.103,-0.396
15,48,21,8.1957e+05,1.347,1.757
15,48,21,8.1961e+05,0.449,-0.386
15,48,21,8.1965e+05,-0.42,-0.783
15,48,21,8.1969e+05,-0.015,-1.928
15,48,21,8.1973e+05,-0.418,1.241
15,48,21,8.1976e+05,-0.453,-0.17
15,48,21,8.198e+05,0.502,0.979
15,48,21,8.1984e+05,0.899,1.784
15,48,21,8.1988e+05,-0.471,-3.505
15,48,21,8.1992e+05,-0.464,-1.489
15,48,21,8.1996e+05,-1.315,0.423
15,48,21,8.2e+05,-0.882,1.353
15,48,21,8.2004e+05,-0.013,1.411
15,48,21,8.2008e+05,0.36,0.024
15,48,21,8.2012e+05,0.848,-1.268
15,48,21,8.2016e+05,-0.507,-1.861
15,48,21,8.202e+05,0.998,0.168
15,48,21,8.2023e+05,0.44,-0.408
15,48,21,8.2027e+05,0.65,1.36
15,48,21,8.2031e+05,-0.632,2.147
15,48,21,8.2035e+05,1.412,-2.102
15,48,21,8.2039e+05,-0.21,-1.641
15,48,21,8.2043e+05,-0.786,2.186
15,48,21,8.2047e+05,-1.534,-1.516
15,48,21,8.2051e+05,0.554,0.075
15,48,21,8.2055e+05,0.304,1.827
15,48,21,8.2058e+05,0.928,0.045
15,48,21,8.2062e+05,0.479,-0.794
15,48,21,8.2066e+05,-0.069,-0.737
15,48,21,8.207e+05,0.665,-0.393
15,48,21,8.2074e+05,0.067,0.393
15,48,21,8.2078e+05,-0.92,0.226
15,48,21,8.2082e+05,0.933,1.191
15,48,21,8.2086e+05,0.735,-2.302
15,48,21,8.209e+05,-0.482,0.129
15,48,21,8.2094e+05,0.053,1.567
15,48,21,8.2098e+05,-0.732,-1.806
15,48,21,8.2102e+05,0.527,0.335
15,48,21,8.2105e+05,-0.914,1.534
15,48,21,8.2109e+05,0.628,-0.449
15,48,21,8.2113e+05,0.19,-0.952
15,48,21,8.2117e+05,0.384,-1.8
15,48,21,8.2121e+05,-1.557,0.685
15,48,21,8.2125e+05,1.669,1.064
15,48,21,8.2129e+05,-0.57,-0.866
15,48,21,8.2133e+05,0.477,1.231
15,48,21,8.2137e+05,0.023,-1.641
15,48,21,8.2141e+05,0.036,1.598
15,48,21,8.2144e+05,0.593,-1.908
15,48,21,8.2148e+05,0.067,0.501
15,48,21,8.2152e+05,1.452,0.399
15,48,21,8.2156e+05,-0.912,-0.369
15,48,21,8.216e+05,2.016,-1.255
15,48,21,8.2164e+05,-1.194,-1.402
15,48,21,8.2168e+05,0.195,3.673
15,48,21,8.2172e+05,0.483,-2.365
15,48,21,8.2176e+05,-0.272,0.98
15,48,21,8.218e+05,-0.864,0.536
15,48,21,8.2184e+05,0.979,0.31
15,48,21,8.2187e+05,0.759,-1.054
15,48,21,8.2191e+05,-0.815,-0.111
15,48,21,8.2195e+05,0.956,0.477
15,48,21,8.2199e+05,-0.719,-1.213
15,48,21,8.2203e+05,-0.531,1.052
15,48,21,8.2207e+05,0.691,-0.582
15,48,21,8.2211e+05,1.154,1.531
15,48,21,8.2215e+05,-0.072,-0.221
15,48,21,8.2219e+05,0.173,-1.987
15,48,21,8.2223e+05,-0.601,-0.404
15,48,21,8.2226e+05,0.396,-0.455
15,48,21,8.223e+05,-0.08,2.017
15,48,21,8.2234e+05,0.049,0.865
15,48,21,8.2238e+05,0.584,-0.656
15,48,21,8.2242e+05,-0.527,-0.199
15,48,21,8.2246e+05,-0.143,-1.207
15,48,21,8.225e+05,0.654,0.152
15,48,21,8.2254e+05,0.482,0.975
15,48,21,8.2258e+05,-0.888,0.644
15,48,21,8.2262e+05,-0.231,0.035
15,48,21,8.2266e+05,2.034,-2.046
15,48,21,8.227e+05,0.528,0.784
15,48,21,8.2273e+05,0.061,1.51
15,48,21,8.2277e+05,-1.011,0.104
15,48,21,8.2281e+05,-0.413,-1.188
15,48,21,8.2285e+05,-0.028,-1.646
15,48,21,8.2289e+05,0.072,2.742
15,48,21,8.2293e+05,0.298,-0.765
15,48,21,8.2297e+05,-0.59,0.108
15,48,21,8.2301e+05,-0.402,-1.708
15,48,21,8.2305e+05,-1.449,-0.67
15,48,21,8.2308e+05,2.065,2.498
15,48,21,8.2312e+05,-1.288,-0.305
15,48,21,8.2316e+05,1.234,0.449
15,48,21,8.232e+05,0.137,-1.711
15,48,21,8.2324e+05,-0.384,-0.548
15,48,21,8.2328e+05,-0.096,-0.926
15,48,21,8.2332e+05,1.631,3.025
15,48,21,8.2336e+05,-0.007,-0.589
15,48,21,8.234e+05,-0.918,1.37
15,48,21,8.2344e+05,0.573,-1.226
15,48,21,8.2348e+05,0.127,-2.037
15,48,21,8.2352e+05,-0.834,2.073
15,48,21,8.2355e+05,-0.169,0.86
15,48,21,8.2359e+05,1.528,-0.76
15,48,21,8.2363e+05,-1.338,1.016
15,48,21,8.2367e+05,0.574,-1.377
15,48,21,8.2371e+05,-0.814,-1.56
15,48,21,8.2375e+05,-0.034,1.903
15,48,21,8.2379e+05,-1.409,0.774
15,48,21,8.2383e+05,2.044,0.455
15,48,21,8.2387e+05,0.166,-0.463
15,48,21,8.2391e+05,-0.933,2.339
15,48,21,8.2394e+05,-0.527,-3.384
15,48,21,8.2398e+05,0.046,1.54
15,48,21,8.2402e+05,0.824,-0.371
15,48,21,8.2406e+05,-0.305,0.064
15,48,21,8.241e+05,0.853,2.086
15,48,21,8.2414e+05,1.493,-4.292
15,48,21,8.2418e+05,0.085,1.013
15,48,21,8.2422e+05,-0.378,0.715
15,48,21,8.2426e+05,0.483,-0.998
15,48,21,8.243e+05,-0.244,2.533
15,48,21,8.2434e+05,0.035,-0.75
15,48,21,8.2437e+05,-1.037,-0.478
15,48,21,8.2441e+05,1.241,0.707
15,48,21,8.2445e+05,-0.08,-1.554
15,48,21,8.2449e+05,-1.668,0.446
15,48,21,8.2453e+05,-0.331,2.025
15,48,21,8.2457e+05,0.874,-1.051
15,48,21,8.2461e+05,-0.889,0.349
15,48,21,8.2465e+05,-0.068,1.082
15,48,21,8.2469e+05,0.263,-2.17
15,48,21,8.2473e+05,0.448,-0.283
15,48,21,8.2476e+05,0.379,0.073
15,48,21,8.248e+05,0.616,0.31
15,48,21,8.2484e+05,0.641,0.621
15,48,21,8.2488e+05,0.161,-0.331
15,48,21,8.2492e+05,-0.251,0.096
15,48,21,8.2496e+05,-0.764,-1.533
15,48,21,8.25e+05,0.846,1.736
15,48,21,8.2504e+05,1.239,1.499
15,48,21,8.2508e+05,-0.265,-1.777
15,48,21,8.2512e+05,0.769,-0.738
15,48,21,8.2516e+05,-0.527,-0.279
15,48,21,8.252e+05,-0.539,-0.259
15,48,21,8.2523e+05,0.436,1.369
15,48,21,8.2527e+05,-0.22,1.989
15,48,21,8.2531e+05,-0.49,-1.105
15,48,21,8.2535e+05,-1.665,-1.203
15,48,21,8.2539e+05,-0.124,2.668
15,48,21,8.2543e+05,0.375,-2.106
15,48,21,8.2547e+05,0.792,1.189
15,48,21,8.2551e+05,1.062,0.636
15,48,21,8.2555e+05,-1.142,-2.239
15,48,21,8.2558e+05,0.849,0.324
15,48,21,8.2562e+05,-0.896,-0.821
15,48,21,8.2566e+05,0.046,2.872
15,48,21,8.257e+05,0.548,0.011
15,48,21,8.2574e+05,0.457,-0.112
15,48,21,8.2578e+05,0.605,-0.985
15,48,21,8.2582e+05,-0.527,-1.457
15,48,21,8.2586e+05,-0.809,-1.437
15,48,21,8.259e+05,-1.885,2.856
15,48,21,8.2594e+05,-0.862,2.882
15,48,21,8.2598e+05,-1.491,-1.913
15,48,21,8.2602e+05,-1.077,-0.079
15,48,21,8.2605e+05,-1.301,1.172
15,48,21,8.2609e+05,-0.4,-0.961
15,48,21,8.2613e+05,-0.193,-0.662
15,48,21,8.2617e+05,1.523,1.729
15,48,21,8.2621e+05,1.976,-2.607
15,48,21,8.2625e+05,0.653,0.513
15,48,21,8.2629e+05,0.11,-0.476
15,48,21,8.2633e+05,-1.351,-0.856
15,48,21,8.2637e+05,-0.729,0.272
15,48,21,8.2641e+05,-0.283,1.053
15,48,21,8.2644e+05,1.531,1.143
15,48,21,8.2648e+05,0.286,-1.341
15,48,21,8.2652e+05,0.421,1.026
15,48,21,8.2656e+05,-1.876,-1.214
15,48,21,8.266e+05,0.187,-0.854
15,48,21,8.2664e+05,0.682,2.646
15,48,21,8.2668e+05,1.572,1.636
15,48,21,8.2672e+05,1.132,-1.616
15,48,21,8.2676e+05,0.482,-1.433
15,48,21,8.268e+05,-0.326,-2.784
15,48,21,8.2684e+05,-1.382,1.202
15,48,21,8.2687e+05,0.401,2.268
15,48,21,8.2691e+05,-1.272,1.764
15,48,21,8.2695e+05,0.119,1.829
15,48,21,8.2699e+05,-0.939,-3.752
15,48,21,8.2703e+05,-1.185,-1.018
15,48,21,8.2707e+05,-0.776,-1.178
15,48,21,8.2711e+05,-0.948,2.522
15,48,21,8.2715e+05,0.276,0.756
15,48,21,8.2719e+05,-0.369,-0.567
15,48,21,8.2723e+05,0.988,0.622
15,48,21,8.2726e+05,0.243,-2.947
15,48,21,8.273e+05,0.929,1.837
15,48,21,8.2734e+05,-0.28,-0.183
15,48,21,8.2738e+05,0.972,-1.283
15,48,21,8.2742e+05,-0.302,2.37
15,48,21,8.2746e+05,-0.405,-1.363
15,48,21,8.275e+05,0.115,-0.279
15,48,21,8.2754e+05,-0.082,0.72
15,48,21,8.2758e+05,0.09,0.367
15,48,21,8.2762e+05,-0.241,-0.253
15,48,21,8.2766e+05,0.257,0.653
15,48,21,8.277e+05,1.002,-0.766
15,48,21,8.2773e+05,-0.659,0.213
15,48,21,8.2777e+05,1.153,0.079
15,48,21,8.2781e+05,-0.395,-0.574
15,48,21,8.2785e+05,-0.149,-1.502
15,48,21,8.2789e+05,-1.02,0.778
15,48,21,8.2793e+05,1.312,0.751
15,48,21,8.2797e+05,-1.338,0.74
15,48,21,8.2801e+05,0.847,0.55
15,48,21,8.2805e+05,-0.528,-2.727
15,48,21,8.2808e+05,0.625,1.519
15,48,21,8.2812e+05,-0.211,-0.801
15,48,21,8.2816e+05,1.154,1.699
15,48,21,8.282e+05,0.938,-0.79
15,48,21,8.2824e+05,-0.201,0.135
15,48,21,8.2828e+05,-0.025,0.189
15,48,21,8.2832e+05,0.532,-0.606
15,48,21,8.2836e+05,-0.96,0.868
15,48,21,8.284e+05,-0.438,0.178
15,48,21,8.2844e+05,-0.027,-1.265
15,48,21,8.2848e+05,-0.559,-0.256
15,48,21,8.2852e+05,0.153,-0.517
15,48,21,8.2855e+05,-0.757,1.991
15,48,21,8.2859e+05,0.226,-1.705
15,48,21,8.2863e+05,-1.055,0.307
15,48,21,8.2867e+05,0.991,0.849
15,48,21,8.2871e+05,-0.64,0.831
15,48,21,8.2875e+05,1.543,-1.174
15,48,21,8.2879e+05,-0.728,-1.558
15,48,21,8.2883e+05,-0.027,2.232
15,48,21,8.2887e+05,0.013,-2.603
15,48,21,8.2891e+05,0.612,1.382
15,48,21,8.2894e+05,-0.387,1.982
15,48,21,8.2898e+05,-0.576,-0.951
15,48,21,8.2902e+05,-0.275,0.643
15,48,21,8.2906e+05,0.19,-1.46
15,48,21,8.291e+05,-1.019,1.297
15,48,21,8.2914e+05,1.917,0.257
15,48,21,8.2918e+05,0.73,-1.43
15,48,21,8.2922e+05,1.237,1.045
15,48,21,8.2926e+05,0.738,0.286
15,48,21,8.293e+05,1.323,-0.92
15,48,21,8.2934e+05,0.962,1.352
15,48,21,8.2937e+05,2.348,0.839
15,48,21,8.2941e+05,0.353,-1.531
15,48,21,8.2945e+05,0.706,-0.109
15,48,21,8.2949e+05,-1.064,-1.105
15,48,21,8.2953e+05,-1.762,0.748
15,48,21,8.2957e+05,-2.105,0.299
15,48,21,8.2961e+05,-2.104,0.993
15,48,21,8.2965e+05,-2.816,0.159
15,48,21,8.2969e+05,-2.941,-1.083
15,48,21,8.2973e+05,-2.533,-0.688
15,48,21,8.2976e+05,-2.777,2.613
15,48,21,8.298e+05,0.009,1.101
15,48,21,8.2984e+05,-0.11,-1.456
15,48,21,8.2988e+05,1.528,-1.937
15,48,21,8.2992e+05,1.487,-0.692
15,48,21,8.2996e+05,0.383,0.004
15,48,21,8.3e+05,0.128,-0.164
15,48,21,8.3004e+05,0.576,-0.209
15,48,21,8.3008e+05,-0.83,2.644
15,48,21,8.3012e+05,-2.377,0.722
15,48,21,8.3016e+05,-1.52,0.21
15,48,21,8.302e+05,-0.626,3.218
15,48,21,8.3023e+05,0.31,-1.787
15,48,21,8.3027e+05,2.823,-4.843
15,48,21,8.3031e+05,-0.283,-1.542
15,48,21,8.3035e+05,1.136,-2.266
15,48,21,8.3039e+05,-1.347,2.446
15,48,21,8.3043e+05,1.8,1.768
15,48,21,8.3047e+05,0.935,-0.369
15,48,21,8.3051e+05,1.452,4.464
15,48,21,8.3055e+05,0.658,-0.755
15,48,21,8.3058e+05,0.438,-2.716
15,48,21,8.3062e+05,-1.339,-0.798
15,48,21,8.3066e+05,-1.371,0.228
15,48,21,8.307e+05,-1.818,0.161
15,48,21,8.3074e+05,-0.162,0.876
15,48,21,8.3078e+05,-0.889,-0.634
15,48,21,8.3082e+05,-0.804,1.512
15,48,21,8.3086e+05,-0.412,0.181
15,48,21,8.309e+05,0.9,-1.33
15,48,21,8.3094e+05,0.592,0.404
15,48,21,8.3098e+05,0.067,0.408
15,48,21,8.3102e+05,0.461,0.849
15,48,21,8.3105e+05,-0.106,-0.764
15,48,21,8.3109e+05,0.536,-2.886
15,48,21,8.3113e+05,-0.515,2.421
15,48,21,8.3117e+05,0.331,-0.598
15,48,21,8.3121e+05,-0.16,-2.206
15,48,21,8.3125e+05,-1.395,2.366
15,48,21,8.3129e+05,-1.722,2.238
15,48,21,8.3133e+05,0.819,-1.768
15,48,21,8.3137e+05,-0.179,-0.437
15,48,21,8.3141e+05,1.914,1.774
15,48,21,8.3144e+05,0.056,-1.299
15,48,21,8.3148e+05,0.298,0.744
15,48,21,8.3152e+05,-1.4,-0.455
15,48,21,8.3156e+05,-1.672,0.496
15,48,21,8.316e+05,-0.3,-0.204
15,48,21,8.3164e+05,-0.537,0.099
15,48,21,8.3168e+05,0.22,-0.286
15,48,21,8.3172e+05,-0.202,-2.009
15,48,21,8.3176e+05,-0.575,-1.359
15,48,21,8.318e+05,-0.345,-0.312
15,48,21,8.3184e+05,0.386,2.279
15,48,21,8.3187e+05,-0.147,1.483
15,48,21,8.3191e+05,0.716,0.664
15,48,21,8.3195e+05,0.195,-0.248
15,48,21,8.3199e+05,0.448,-0.898
15,48,21,8.3203e+05,0.054,-2.382
15,48,21,8.3207e+05,0.225,1.136
15,48,21,8.3211e+05,-0.216,-0.597
15,48,21,8.3215e+05,-1.471,1.745
15,48,21,8.3219e+05,0.324,0.29
15,48,21,8.3223e+05,-2.205,0.241
15,48,21,8.3226e+05,-0.515,-0.007
15,48,21,8.323e+05,-0.455,-0.962
15,48,21,8.3234e+05,2.158,-1.588
15,48,21,8.3238e+05,0.271,-0.45
15,48,21,8.3242e+05,1.552,1.365
15,48,21,8.3246e+05,0.378,-2.91
15,48,21,8.325e+05,0.575,-0.153
15,48,21,8.3254e+05,-1.445,1.971
15,48,21,8.3258e+05,-0.303,1.88
15,48,21,8.3262e+05,-1.205,-0.396
15,48,21,8.3266e+05,0.48,0.382
15,48,21,8.327e+05,-0.847,-0.066
15,48,21,8.3273e+05,-0.685,-0.962
15,48,21,8.3277e+05,-0.666,-0.132
15,48,21,8.3281e+05,-0.572,1.441
15,48,21,8.3285e+05,-0,1.099
15,48,21,8.3289e+05,0.876,1.366
15,48,21,8.3293e+05,2.265,-1.898
15,48,21,8.3297e+05,0.367,-2.581
15,48,21,8.3301e+05,0.905,-0.89
15,48,21,8.3305e+05,-0.751,-0.152
15,48,21,8.3308e+05,-0.503,0.843
15,48,21,8.3312e+05,-0.144,-0.544
15,48,21,8.3316e+05,-0.996,0.038
15,48,21,8.332e+05,-1.889,0.749
15,48,21,8.3324e+05,-0.613,-0.904
15,48,21,8.3328e+05,-1.015,-0.639
15,48,21,8.3332e+05,0.506,1.472
15,48,21,8.3336e+05,0.372,-0.293
15,48,21,8.334e+05,1.742,-1.913
15,48,21,8.3344e+05,0.32,0.063
15,48,21,8.3348e+05,1.192,2.874
15,48,21,8.3352e+05,1.401,-1.489
15,48,21,8.3355e+05,0.188,-0.998
15,48,21,8.3359e+05,0.643,0.866
15,48,21,8.3363e+05,-0.641,0.542
15,48,21,8.3367e+05,1.008,-0.913
15,48,21,8.3371e+05,0.511,-1.375
15,48,21,8.3375e+05,0.769,0.859
15,48,21,8.3379e+05,-0.797,-0.37
15,48,21,8.3383e+05,1.714,0.266
15,48,21,8.3387e+05,2.57,0.207
15,48,21,8.3391e+05,1.142,0.731
15,48,21,8.3394e+05,1.463,-1.626
15,48,21,8.3398e+05,0.012,-1.535
15,48,21,8.3402e+05,-1.314,0.117
15,48,21,8.3406e+05,-1.357,4.649
15,48,21,8.341e+05,-1.253,2.806
15,48,21,8.3414e+05,-2.534,-0.418
15,48,21,8.3418e+05,-3.643,0.977
15,48,21,8.3422e+05,-3.772,-3.152
15,48,21,8.3426e+05,-4.042,0.575
15,48,21,8.343e+05,-2.204,3.104
15,48,21,8.3434e+05,1.181,-1.818
15,48,21,8.3437e+05,2.024,-3.151
15,48,21,8.3441e+05,1.719,-3.615
15,48,21,8.3445e+05,2.187,-3.543
15,48,21,8.3449e+05,1.07,1.142
15,48,21,8.3453e+05,1.468,2.202
15,48,21,8.3457e+05,-1.512,1.95
15,48,21,8.3461e+05,-1.59,2.75
15,48,21,8.3465e+05,-1.79,0.376
15,48,21,8.3469e+05,-1.384,3.789
15,48,21,8.3473e+05,0.313,1.704
15,48,21,8.3476e+05,1.284,-1.755
15,48,21,8.348e+05,1.867,-4.255
15,48,21,8.3484e+05,1.938,-5.061
15,48,21,8.3488e+05,0.193,-4.121
15,48,21,8.3492e+05,0.22,-0.934
15,48,21,8.3496e+05,-0.497,4.049
15,48,21,8.35e+05,-0.932,1.504
15,48,21,8.3504e+05,-1.414,-0.47
15,48,21,8.3508e+05,-1.718,1.664
15,48,21,8.3512e+05,-0.673,-0.437
15,48,21,8.3516e+05,0.142,2.133
15,48,21,8.352e+05,-0.558,1.44
15,48,21,8.3523e+05,1.633,-0.761
15,48,21,8.3527e+05,1.946,0.964
15,48,21,8.3531e+05,1.653,-1.953
15,48,21,8.3535e+05,1.633,0.256
15,48,21,8.3539e+05,0.877,0.919
15,48,21,8.3543e+05,0.407,-1.853
15,48,21,8.3547e+05,1.119,-0.332
15,48,21,8.3551e+05,-0.499,-1.132
15,48,21,8.3555e+05,-1.232,0.776
15,48,21,8.3558e+05,-1.415,0.684
15,48,21,8.3562e+05,-0.279,-0.683
15,48,21,8.3566e+05,-1.792,0.781
15,48,21,8.357e+05,-1.177,1.666
15,48,21,8.3574e+05,-1.116,1.125
15,48,21,8.3578e+05,0.134,-0.942
15,48,21,8.3582e+05,0.053,1.536
15,48,21,8.3586e+05,0.408,-2.107
15,48,21,8.359e+05,1.961,-1.972
15,48,21,8.3594e+05,0.55,2.605
15,48,21,8.3598e+05,-0.058,-1.881
15,48,21,8.3602e+05,0.881,-1.641
15,48,21,8.3605e+05,-0.934,3.566
15,48,21,8.3609e+05,-0.647,-3.016
15,48,21,8.3613e+05,-0.868,-0.564
15,48,21,8.3617e+05,0.137,-0.631
15,48,21,8.3621e+05,-3.029,-1.716
15,48,21,8.3625e+05,-0.8,1.404
15,48,21,8.3629e+05,-0.18,-1.77
15,48,21,8.3633e+05,-0.15,0.381
15,48,21,8.3637e+05,-0.508,2.292
15,48,21,8.3641e+05,1.182,0.726
15,48,21,8.3644e+05,1.133,-1.789
15,48,21,8.3648e+05,1.49,0.773
15,48,21,8.3652e+05,0.911,1.539
15,48,21,8.3656e+05,2.475,-2.291
15,48,21,8.366e+05,-0.293,1.188
15,48,21,8.3664e+05,1.211,0.93
15,48,21,8.3668e+05,-1.121,-3.075
15,48,21,8.3672e+05,-1.758,3.435
15,48,21,8.3676e+05,-1.304,-1.303
15,48,21,8.368e+05,-2.274,1.606
15,48,21,8.3684e+05,0.005,1.222
15,48,21,8.3687e+05,-1.658,-2.774
15,48,21,8.3691e+05,0.625,0.195
15,48,21,8.3695e+05,-0.325,0.092
15,48,21,8.3699e+05,2.324,-2.278
15,48,21,8.3703e+05,0.671,1.431
15,48,21,8.3707e+05,2.453,2.978
15,48,21,8.3711e+05,-0.982,-1.02
15,48,21,8.3715e+05,0.758,2.804
15,48,21,8.3719e+05,0.137,-3.807
15,48,21,8.3723e+05,-0.286,1.254
15,48,21,8.3726e+05,-0.359,0.941
15,48,21,8.373e+05,0.263,-2.103
15,48,21,8.3734e+05,0.023,-0.729
15,48,21,8.3738e+05,-1.987,0.621
15,48,21,8.3742e+05,-1.95,0.991
15,48,21,8.3746e+05,-1.552,1.288
15,48,21,8.375e+05,-0.964,-0.116
15,48,21,8.3754e+05,0.027,-0.494
15,48,21,8.3758e+05,1.536,-3.068
15,48,21,8.3762e+05,-0.218,-1.863
15,48,21,8.3766e+05,1.457,-0.374
15,48,21,8.377e+05,-0.779,0.469
15,48,21,8.3773e+05,0.213,0.817
15,48,21,8.3777e+05,-0.123,1.561
15,48,21,8.3781e+05,0.974,1.301
15,48,21,8.3785e+05,-0.262,-0.356
15,48,21,8.3789e+05,0.579,-1.561
15,48,21,8.3793e+05,-0.371,-1.638
15,48,21,8.3797e+05,-1.051,0.341
15,48,21,8.3801e+05,-0.754,0.27
15,48,21,8.3805e+05,1.438,2.054
15,48,21,8.3808e+05,-1.062,0.417
15,48,21,8.3812e+05,0.132,0.778
15,48,21,8.3816e+05,0.116,0.265
15,48,21,8.382e+05,-0.561,-2.747
15,48,21,8.3824e+05,-1.312,0.894
15,48,21,8.3828e+05,-0.284,0.559
15,48,21,8.3832e+05,-0.536,-1.328
15,48,21,8.3836e+05,-1.274,1.834
15,48,21,8.384e+05,-2.112,0.845
15,48,21,8.3844e+05,-1.726,0.294
15,48,21,8.3848e+05,-1.722,-1.721
15,48,21,8.3852e+05,-3.707,0.932
15,48,21,8.3855e+05,-0.385,0.615
15,48,21,8.3859e+05,-0.759,0.573
15,48,21,8.3863e+05,0.27,1.298
15,48,21,8.3867e+05,1.314,-3.018
15,48,21,8.3871e+05,4.428,-1.301
15,48,21,8.3875e+05,4.282,0.296
15,48,21,8.3879e+05,6.216,0.585
15,48,21,8.3883e+05,5.896,-1.075
15,48,21,8.3887e+05,2.108,-0.526
15,48,21,8.3891e+05,0.086,-2.416
15,48,21,8.3894e+05,1.605,-1.179
15,48,21,8.3898e+05,0.143,1.227
15,48,21,8.3902e+05,-0.469,0.768
15,48,21,8.3906e+05,-0.464,-0.706
15,48,21,8.391e+05,-1.107,-2.922
15,48,21,8.3914e+05,-1.44,-2.554
15,48,21,8.3918e+05,-2.917,0.597
15,48,21,8.3922e+05,0.765,2.799
15,48,21,8.3926e+05,1.942,1.086
15,48,21,8.393e+05,-1.221,2.42
15,48,21,8.3934e+05,-1.508,-1.644
15,48,21,8.3937e+05,-1.163,-5.119
15,48,21,8.3941e+05,0.472,1.113
15,48,21,8.3945e+05,0.801,3.147
15,48,21,8.3949e+05,1.444,-0.156
15,48,21,8.3953e+05,0.046,-0.642
15,48,21,8.3957e+05,0.414,-3.075
15,48,21,8.3961e+05,-2.986,-1.962
15,48,21,8.3965e+05,-1.805,1.385
15,48,21,8.3969e+05,-2.585,4.295
15,48,21,8.3973e+05,-0.724,2.584
15,48,21,8.3976e+05,-0.799,1.015
15,48,21,8.398e+05,2.272,-0.795
15,48,21,8.3984e+05,0.47,-1.403
15,48,21,8.3988e+05,0.544,4.214
15,48,21,8.3992e+05,2.025,-3.535
15,48,21,8.3996e+05,1.229,0.907
15,48,21,8.4e+05,0.643,1.227
15,48,21,8.4004e+05,-0.36,-3.856
15,48,21,8.4008e+05,1.724,0.031
15,48,21,8.4012e+05,0.401,-1.12
15,48,21,8.4016e+05,-0.478,-1.263
15,48,21,8.402e+05,-0.935,-0.807
15,48,21,8.4023e+05,0.221,-0.049
15,48,21,8.4027e+05,-1.936,0.603
15,48,21,8.4031e+05,-1.071,4.545
15,48,21,8.4035e+05,-0.845,1.308
15,48,21,8.4039e+05,-0.975,-0.021
15,48,21,8.4043e+05,0.056,-0.173
15,48,21,8.4047e+05,-0.75,-1.647
15,48,21,8.4051e+05,0.383,-1.824
15,48,21,8.4055e+05,-0.572,0.081
15,48,21,8.4058e+05,1.803,-1.775
15,48,21,8.4062e+05,1.325,-2.319
15,48,21,8.4066e+05,2.072,1.607
15,48,21,8.407e+05,0.17,-1.519
15,48,21,8.4074e+05,0.412,-0.421
15,48,21,8.4078e+05,-0.736,0.958
15,48,21,8.4082e+05,0.101,1.935
15,48,21,8.4086e+05,-0.064,-0.422
15,48,21,8.409e+05,-0.613,1.757
15,48,21,8.4094e+05,-0.908,0.88
15,48,21,8.4098e+05,-2.832,-1.043
15,48,21,8.4102e+05,-0.715,1.446
15,48,21,8.4105e+05,-2.042,1.259
15,48,21,8.4109e+05,0.005,1.061
15,48,21,8.4113e+05,1.807,-0.816
15,48,21,8.4117e+05,1.281,-1.712
15,48,21,8.4121e+05,0.875,-3.114
15,48,21,8.4125e+05,0.592,0.544
15,48,21,8.4129e+05,2.721,0.544
15,48,21,8.4133e+05,0.536,0.996
15,48,21,8.4137e+05,0.397,2.972
15,48,21,8.4141e+05,-0.094,-1.528
15,48,21,8.4144e+05,-0.451,-0.609
15,48,21,8.4148e+05,-1.8,-1.169
15,48,21,8.4152e+05,-1.116,1.958
15,48,21,8.4156e+05,-1.521,0.396
15,48,21,8.416e+05,-0.506,1.063
15,48,21,8.4164e+05,2.142,-0.382
15,48,21,8.4168e+05,-0.727,0.208
15,48,21,8.4172e+05,0.397,0.732
15,48,21,8.4176e+05,-0.641,-1.817
15,48,21,8.418e+05,2.899,0.615
15,48,21,8.4184e+05,-0.276,-0.011
15,48,21,8.4187e+05,1.133,-0.377
15,48,21,8.4191e+05,0.923,-1.731
15,48,21,8.4195e+05,1.471,0.276
15,48,21,8.4199e+05,-1.549,-0.267
15,48,21,8.4203e+05,-0.11,0.728
15,48,21,8.4207e+05,-1.19,-0.083
15,48,21,8.4211e+05,-1.454,1.706
15,48,21,8.4215e+05,-0.474,0.098
15,48,21,8.4219e+05,0.631,0.812
15,48,21,8.4223e+05,0.483,-1.926
15,48,21,8.4226e+05,-0.686,-0.419
15,48,21,8.423e+05,1.242,0.809
15,48,21,8.4234e+05,-0.004,-0.929
15,48,21,8.4238e+05,0.569,1.269
15,48,21,8.4242e+05,0.713,0.812
15,48,21,8.4246e+05,0.706,-0.975
15,48,21,8.425e+05,-0.59,-1.181
15,48,21,8.4254e+05,-0.366,0.42
15,48,21,8.4258e+05,-0.905,0.412
15,48,21,8.4262e+05,0.116,-0.65
15,48,21,8.4266e+05,-0.984,1.502
15,48,21,8.427e+05,0.204,1.934
15,48,21,8.4273e+05,-0.725,-2.706
15,48,21,8.4277e+05,0.56,1.725
15,48,21,8.4281e+05,0.043,-0.197
15,48,21,8.4285e+05,-0.992,-0.545
15,48,21,8.4289e+05,0.369,-0.897
15,48,21,8.4293e+05,-0.349,0.388
15,48,21,8.4297e+05,1.049,-1.322
15,48,21,8.4301e+05,-0.596,-0.226
15,48,21,8.4305e+05,0.051,3.234
15,48,21,8.4308e+05,-1.589,0.112
15,48,21,8.4312e+05,1.118,-3.219
15,48,21,8.4316e+05,-0.135,0.201
15,48,21,8.432e+05,2.214,1.261
15,48,21,8.4324e+05,-0.841,-2.383
15,48,21,8.4328e+05,0.261,0.694
15,48,21,8.4332e+05,-1.255,-0.808
15,48,21,8.4336e+05,-0.959,3.015
15,48,21,8.434e+05,-0.277,0.044
15,48,21,8.4344e+05,1.069,-0.124
15,48,21,8.4348e+05,2.149,-0.368
15,48,21,8.4352e+05,-0.806,-1.309
15,48,21,8.4355e+05,-0.56,-2.116
15,48,21,8.4359e+05,-0.903,-0.615
15,48,21,8.4363e+05,-0.045,1.784
15,48,21,8.4367e+05,-1.061,1.588
15,48,21,8.4371e+05,0.723,1.939
15,48,21,8.4375e+05,-0.203,-1.265
15,48,21,8.4379e+05,0.469,-3.193
15,48,21,8.4383e+05,-0.521,-1.31
15,48,21,8.4387e+05,0.65,0.926
15,48,21,8.4391e+05,-0.365,1.64
15,48,21,8.4394e+05,1.737,0.97
15,48,21,8.4398e+05,-0.592,0.52
15,48,21,8.4402e+05,-0.256,-0.067
15,48,21,8.4406e+05,-0.735,-0.197
15,48,21,8.441e+05,1.163,-0.979
15,48,21,8.4414e+05,-1.08,-1.412
15,48,21,8.4418e+05,0.465,0.635
15,48,21,8.4422e+05,0.985,-1.073
15,48,21,8.4426e+05,0.589,1.142
15,48,21,8.443e+05,-0.019,1.615
15,48,21,8.4434e+05,0.098,-2.044
15,48,21,8.4437e+05,-1.443,0.035
15,48,21,8.4441e+05,0.358,0.552
15,48,21,8.4445e+05,-0.689,0.268
15,48,21,8.4449e+05,0.741,0.04
15,48,21,8.4453e+05,-0.193,-1.772
15,48,21,8.4457e+05,-0.335,-0.787
15,48,21,8.4461e+05,-0.107,-0.251
15,48,21,8.4465e+05,-0.522,0.93
15,48,21,8.4469e+05,-0.041,0.59
15,48,21,8.4473e+05,0.449,0.466
15,48,21,8.4476e+05,0.061,-1.107
15,48,21,8.448e+05,0.79,-2.228
15,48,21,8.4484e+05,-0.125,-0.08
15,48,21,8.4488e+05,0.827,0.222
15,48,21,8.4492e+05,-0.356,0.321
15,48,21,8.4496e+05,0.994,0.427
15,48,21,8.45e+05,-0.744,0.118
15,48,21,8.4504e+05,0.349,-0.53
15,48,21,8.4508e+05,-0.176,0.231
15,48,21,8.4512e+05,1.135,0.985
15,48,21,8.4516e+05,0.714,-0.103
15,48,21,8.452e+05,0.279,-1.496
15,48,21,8.4523e+05,-0.012,-0.786
15,48,21,8.4527e+05,1.796,0.704
15,48,21,8.4531e+05,-1.532,0.412
15,48,21,8.4535e+05,-0.08,1.169
15,48,21,8.4539e+05,1.525,-1.425
15,48,21,8.4543e+05,-0.416,-0.429
15,48,21,8.4547e+05,-0.125,0.258
15,48,21,8.4551e+05,0.402,0.209
15,48,21,8.4555e+05,0.554,-1.005
15,48,21,8.4558e+05,-1.085,2.343
15,48,21,8.4562e+05,0.122,-1.043
15,48,21,8.4566e+05,1.038,-0.591
15,48,21,8.457e+05,0.897,1.081
15,48,21,8.4574e+05,-0.732,-1.311
15,48,21,8.4578e+05,0.254,-0.311
15,48,21,8.4582e+05,0.901,0.74
15,48,21,8.4586e+05,0.288,0.822
15,48,21,8.459e+05,0.126,0.162
15,48,21,8.4594e+05,0.593,-1.888
15,48,21,8.4598e+05,-0.634,0.451
15,48,21,8.4602e+05,-0.358,0.173
15,48,21,8.4605e+05,-0.382,0.387
15,48,21,8.4609e+05,0.401,-0.073
15,48,21,8.4613e+05,0.012,-0.56
15,48,21,8.4617e+05,-0.102,0.881
15,48,21,8.4621e+05,-0.871,-0.33
15,48,21,8.4625e+05,0.981,0.05
15,48,21,8.4629e+05,0.87,0.217
15,48,21,8.4633e+05,0.737,0.14
15,48,21,8.4637e+05,-0.37,1.559
15,48,21,8.4641e+05,1.034,-1.869
15,48,21,8.4644e+05,0.178,-1.69
15,48,21,8.4648e+05,0.142,2.677
15,48,21,8.4652e+05,-0.998,0.464
15,48,21,8.4656e+05,0.187,-0.726
15,48,21,8.466e+05,0.451,0.048
15,48,21,8.4664e+05,-0.521,-0.315
15,48,21,8.4668e+05,-1.367,0.039
15,48,21,8.4672e+05,0.142,0.14
15,48,21,8.4676e+05,-0.147,-0.876
15,48,21,8.468e+05,-0.268,1.46
15,48,21,8.4684e+05,-0.39,-1.462
15,48,21,8.4687e+05,-0.19,-0.783
15,48,21,8.4691e+05,0.184,1.241
15,48,21,8.4695e+05,0.078,0.661
15,48,21,8.4699e+05,-0.603,1.316
15,48,21,8.4703e+05,1.121,-1.016
15,48,21,8.4707e+05,1.337,0.551
15,48,21,8.4711e+05,0.099,-0.492
15,48,21,8.4715e+05,-0.662,-0.075
15,48,21,8.4719e+05,0.394,0.234
15,48,21,8.4723e+05,0.531,-0.145
15,48,21,8.4726e+05,-1.506,1.085
15,48,21,8.473e+05,-0.974,-1.254
15,48,21,8.4734e+05,1.466,-1.198
15,48,21,8.4738e+05,-0.76,0.835
15,48,21,8.4742e+05,-0.291,-0.207
15,48,21,8.4746e+05,-0.724,-1.087
15,48,21,8.475e+05,0.105,-0.533
15,48,21,8.4754e+05,-1.094,1.948
15,48,21,8.4758e+05,1.879,0.056
15,48,21,8.4762e+05,0.259,-1.081
15,48,21,8.4766e+05,0.294,2.268
15,48,21,8.477e+05,-0.537,-3.097
15,48,21,8.4773e+05,0.739,-0.482
15,48,21,8.4777e+05,0.104,0.449
15,48,21,8.4781e+05,-0.666,2.171
15,48,21,8.4785e+05,0.845,0.683
15,48,21,8.4789e+05,-1.107,0.209
15,48,21,8.4793e+05,-0.41,-1.175
15,48,21,8.4797e+05,-1.13,-0.31
15,48,21,8.4801e+05,0.57,1.72
15,48,21,8.4805e+05,-1.556,0.064
15,48,21,8.4808e+05,1.552,-0.274
15,48,21,8.4812e+05,-0.133,-1.988
15,48,21,8.4816e+05,0.049,-0.721
15,48,21,8.482e+05,-0.745,0.196
15,48,21,8.4824e+05,0.79,1.493
15,48,21,8.4828e+05,-0.621,0.323
15,48,21,8.4832e+05,0.601,0.013
15,48,21,8.4836e+05,-0.685,-0.471
15,48,21,8.484e+05,0.509,-0.176
15,48,21,8.4844e+05,-0.541,-0.763
15,48,21,8.4848e+05,0.231,1.235
15,48,21,8.4852e+05,-0.242,-0.065
15,48,21,8.4855e+05,-0.4,0.613
15,48,21,8.4859e+05,-0.431,0.823
15,48,21,8.4863e+05,-0.078,-1.775
15,48,21,8.4867e+05,-0.118,0.648
15,48,21,8.4871e+05,1.073,0.951
15,48,21,8.4875e+05,0.606,-1.307
15,48,21,8.4879e+05,0.298,-2.024
15,48,21,8.4883e+05,-0.704,-0.133
15,48,21,8.4887e+05,-0.467,0.217
15,48,21,8.4891e+05,-0.539,-1.203
15,48,21,8.4894e+05,-0.339,6.084
15,48,21,8.4898e+05,-1.094,-0.119
15,48,21,8.4902e+05,0.576,-3.713
15,48,21,8.4906e+05,0.327,0.102
15,48,21,8.491e+05,-0.973,-0.4
15,48,21,8.4914e+05,0.724,-0.025
15,48,21,8.4918e+05,-0.259,-0.508
15,48,21,8.4922e+05,0.101,2.81
15,48,21,8.4926e+05,0.479,2.157
15,48,21,8.493e+05,2.425,-2.281
15,48,21,8.4934e+05,0.152,0.453
15,48,21,8.4937e+05,0.065,-1.961
15,48,21,8.4941e+05,0.351,-1.342
15,48,21,8.4945e+05,-0.245,0.794
15,48,21,8.4949e+05,-0.455,-0.484
15,48,21,8.4953e+05,0.005,1.73
15,48,21,8.4957e+05,-0.224,-1.978
15,48,21,8.4961e+05,-2.069,0.85
15,48,21,8.4965e+05,-0.802,1.485
15,48,21,8.4969e+05,-1.462,-3.212
15,48,21,8.4973e+05,-0.048,1.55
15,48,21,8.4976e+05,-1.085,1.278
15,48,21,8.498e+05,0.782,-2.051
15,48,21,8.4984e+05,0.402,-0.999
15,48,21,8.4988e+05,1.329,0.864
15,48,21,8.4992e+05,-0.077,-0.041
15,48,21,8.4996e+05,1.062,0.233
15,48,21,8.5e+05,-1.127,1.022
15,48,21,8.5004e+05,0.44,0.411
15,48,21,8.5008e+05,0.743,-1.667
15,48,21,8.5012e+05,0.262,-0.048
15,48,21,8.5016e+05,-0.723,1.118
15,48,21,8.502e+05,0.068,-0.496
15,48,21,8.5023e+05,-0.432,-1.562
15,48,21,8.5027e+05,0.578,0.474
15,48,21,8.5031e+05,-0.565,0.471
15,48,21,8.5035e+05,-0.745,0.163
15,48,21,8.5039e+05,-1.637,0.633
15,48,21,8.5043e+05,0.597,-0.803
15,48,21,8.5047e+05,0.305,-0.849
15,48,21,8.5051e+05,1.135,1.038
15,48,21,8.5055e+05,-0.472,-0.56
15,48,21,8.5058e+05,0.767,0.373
15,48,21,8.5062e+05,-0.91,0.669
15,48,21,8.5066e+05,-0.041,-1.546
15,48,21,8.507e+05,-0.718,0.726
15,48,21,8.5074e+05,0.596,0.324
15,48,21,8.5078e+05,0.046,-0.229
15,48,21,8.5082e+05,1.212,0.006
15,48,21,8.5086e+05,-0.654,-2.246
15,48,21,8.509e+05,-0.437,1.305
15,48,21,8.5094e+05,-0.975,-0.809
15,48,21,8.5098e+05,0.76,1.506
15,48,21,8.5102e+05,0.106,1.264
15,48,21,8.5105e+05,0.268,-0.645
15,48,21,8.5109e+05,0.168,-2.613
15,48,21,8.5113e+05,-0.439,0.429
15,48,21,8.5117e+05,0.371,-0.759
15,48,21,8.5121e+05,-0.558,0.7
15,48,21,8.5125e+05,1.352,0.204
15,48,21,8.5129e+05,-1.111,0.664
15,48,21,8.5133e+05,1.161,-1.067
15,48,21,8.5137e+05,-1.238,-0.925
15,48,21,8.5141e+05,0.561,1.691
15,48,21,8.5144e+05,-1.042,-0.371
15,48,21,8.5148e+05,0.213,0.733
15,48,21,8.5152e+05,-0.903,-0.188
15,48,21,8.5156e+05,0.354,0.732
15,48,21,8.516e+05,0.327,-2.335
15,48,21,8.5164e+05,-0.165,1.591
15,48,21,8.5168e+05,0.237,0.583
15,48,21,8.5172e+05,0.5,-1.015
15,48,21,8.5176e+05,0.296,-0.499
15,48,21,8.518e+05,0.892,0.771
15,48,21,8.5184e+05,0.276,0.265
15,48,21,8.5187e+05,0.342,-0.848
15,48,21,8.5191e+05,0.679,0.343
15,48,21,8.5195e+05,-0.422,-0.358
15,48,21,8.5199e+05,0.684,0.524
15,48,21,8.5203e+05,0.327,0.393
15,48,21,8.5207e+05,-0.945,-0.469
15,48,21,8.5211e+05,-0.404,-1.918
15,48,21,8.5215e+05,0.47,-0.653
15,48,21,8.5219e+05,0.482,0.146
15,48,21,8.5223e+05,-0.789,0.927
15,48,21,8.5226e+05,0.585,0.301
15,48,21,8.523e+05,-0.078,-2.191
15,48,21,8.5234e+05,-1.578,0.775
15,48,21,8.5238e+05,0.962,1.381
15,48,21,8.5242e+05,0.224,0.354
15,48,21,8.5246e+05,-0.392,0.821
15,48,21,8.525e+05,-1.67,0.695
15,48,21,8.5254e+05,0.112,-0.484
15,48,21,8.5258e+05,0.429,-1.563
15,48,21,8.5262e+05,-0.83,2.931
15,48,21,8.5266e+05,0.453,0.335
15,48,21,8.527e+05,0.842,-3.471
15,48,21,8.5273e+05,0.844,0.221
15,48,21,8.5277e+05,0.178,-0.567
15,48,21,8.5281e+05,0.505,0.514
15,48,21,8.5285e+05,0.017,0.194
15,48,21,8.5289e+05,-0.984,0.937
15,48,21,8.5293e+05,0.077,0.576
15,48,21,8.5297e+05,-0.419,-0.17
15,48,21,8.5301e+05,1.124,-0.708
15,48,21,8.5305e+05,-2.478,-0.23
15,48,21,8.5308e+05,0.527,-0.067
15,48,21,8.5312e+05,0.644,-1.571
15,48,21,8.5316e+05,-0.179,1.835
15,48,21,8.532e+05,-1.202,0.801
15,48,21,8.5324e+05,1.443,-1.21
15,48,21,8.5328e+05,0.91,-1.476
15,48,21,8.5332e+05,0.875,1.727
15,48,21,8.5336e+05,-0.042,0.133
15,48,21,8.534e+05,0.393,-0.972
15,48,21,8.5344e+05,0.025,-2.534
15,48,21,8.5348e+05,-0.925,2.239
15,48,21,8.5352e+05,-0.306,2.824
15,48,21,8.5355e+05,-0.606,-0.344
15,48,21,8.5359e+05,-0.657,-1.565
15,48,21,8.5363e+05,0.239,-1.127
15,48,21,8.5367e+05,0.154,1.202
15,48,21,8.5371e+05,-0.478,-1.971
15,48,21,8.5375e+05,0.033,1.119
15,48,21,8.5379e+05,-0.564,0.616
15,48,21,8.5383e+05,0.234,-1.316
15,48,21,8.5387e+05,1.264,0.388
15,48,21,8.5391e+05,-0.103,1.313
15,48,21,8.5394e+05,0.912,0.305
15,48,21,8.5398e+05,-0.594,-2.381
15,48,21,8.5402e+05,0.309,-1.158
15,48,21,8.5406e+05,-0.591,1.648
15,48,21,8.541e+05,1.209,0.58
15,48,21,8.5414e+05,-0.021,-1.009
15,48,21,8.5418e+05,0.307,1.874
15,48,21,8.5422e+05,0.077,-2.428
15,48,21,8.5426e+05,-0.148,0.222
15,48,21,8.543e+05,0.489,0.534
15,48,21,8.5434e+05,-1.297,0.719
15,48,21,8.5437e+05,1.043,0.374
15,48,21,8.5441e+05,-0.585,-0.81
15,48,21,8.5445e+05,0.145,0.897
15,48,21,8.5449e+05,-0.256,-1.547
15,48,21,8.5453e+05,-0.207,0.942
15,48,21,8.5457e+05,-0.652,-0.402
15,48,21,8.5461e+05,0.407,0.219
15,48,21,8.5465e+05,0.819,0.161
15,48,21,8.5469e+05,0.148,-1.094
15,48,21,8.5473e+05,0.748,-0.115
15,48,21,8.5476e+05,-0.373,-0.451
15,48,21,8.548e+05,-0.261,-0.359
15,48,21,8.5484e+05,-0.856,2.436
15,48,21,8.5488e+05,-1.067,3.32
15,48,21,8.5492e+05,-0.209,-4.619
15,48,21,8.5496e+05,0.659,1.479
15,48,21,8.55e+05,0.73,0.075
15,48,21,8.5504e+05,-0.914,-3.558
15,48,21,8.5508e+05,0.356,1.394
15,48,21,8.5512e+05,-1.789,-0.933
15,48,21,8.5516e+05,0.422,3.32
15,48,21,8.552e+05,0.454,2.081
15,48,21,8.5523e+05,0.638,-2.032
15,48,21,8.5527e+05,0.699,-1.438
15,48,21,8.5531e+05,0.176,-0.228
15,48,21,8.5535e+05,-0.463,-2.543
15,48,21,8.5539e+05,-1.227,1.584
15,48,21,8.5543e+05,0.117,2.758
15,48,21,8.5547e+05,-0.369,-1.473
15,48,21,8.5551e+05,0.928,-0.081
15,48,21,8.5555e+05,-1.293,0.827
15,48,21,8.5558e+05,0.955,-1.896
15,48,21,8.5562e+05,0.133,-1.32
15,48,21,8.5566e+05,0.776,0.767
15,48,21,8.557e+05,-0.429,0.315
15,48,21,8.5574e+05,0.654,2.086
15,48,21,8.5578e+05,-0.806,-1.244
15,48,21,8.5582e+05,-0.558,0.12
15,48,21,8.5586e+05,0.715,0.927
15,48,21,8.559e+05,-0.01,-0.784
15,48,21,8.5594e+05,0.72,-0.588
15,48,21,8.5598e+05,0.788,-0.057
15,48,21,8.5602e+05,0.365,-1.068
15,48,21,8.5605e+05,-1.507,-0.196
15,48,21,8.5609e+05,0.709,1.093
15,48,21,8.5613e+05,-0.315,0.746
15,48,21,8.5617e+05,0.566,0.32
15,48,21,8.5621e+05,0.741,-1.426
15,48,21,8.5625e+05,0.286,0.355
15,48,21,8.5629e+05,0.175,-1.456
15,48,21,8.5633e+05,-0.877,0.398
15,48,21,8.5637e+05,-1,0.015
15,48,21,8.5641e+05,-1.086,0.363
15,48,21,8.5644e+05,0.569,2.222
15,48,21,8.5648e+05,0.68,-0.546
15,48,21,8.5652e+05,0.643,-0.113
15,48,21,8.5656e+05,0.374,-1.169
15,48,21,8.566e+05,-0.209,-1.755
15,48,21,8.5664e+05,-0.435,0.556
15,48,21,8.5668e+05,0.345,1.302
15,48,21,8.5672e+05,0.44,0.178
15,48,21,8.5676e+05,0.766,0.851
15,48,21,8.568e+05,0.185,-1.556
15,48,21,8.5684e+05,-0.045,-0.345
15,48,21,8.5687e+05,0.254,-0.21
15,48,21,8.5691e+05,-0.854,1.001
15,48,21,8.5695e+05,0.492,1.015
15,48,21,8.5699e+05,-0.361,-0.771
15,48,21,8.5703e+05,1.253,0.754
15,48,21,8.5707e+05,0.245,-0.692
15,48,21,8.5711e+05,0.528,-1.666
15,48,21,8.5715e+05,0.166,-0.668
15,48,21,8.5719e+05,0.667,2.101
15,48,21,8.5723e+05,-0.087,0.887
15,48,21,8.5726e+05,0.38,-1.401
15,48,21,8.573e+05,-0.472,0.39
15,48,21,8.5734e+05,-0.191,-0.452
15,48,21,8.5738e+05,-0.267,1.306
15,48,21,8.5742e+05,0.926,0.982
15,48,21,8.5746e+05,-0.071,0.353
15,48,21,8.575e+05,-0.617,0.301
15,48,21,8.5754e+05,-0.448,-3.363
15,48,21,8.5758e+05,0.043,1.706
15,48,21,8.5762e+05,-0.201,0.628
15,48,21,8.5766e+05,1.368,-0.179
15,48,21,8.577e+05,1.086,-1.081
15,48,21,8.5773e+05,-0.104,-1.608
15,48,21,8.5777e+05,-0.381,-0.639
15,48,21,8.5781e+05,0.287,1.331
15,48,21,8.5785e+05,0.468,-0.231
15,48,21,8.5789e+05,-0.732,1.736
15,48,21,8.5793e+05,0.338,0.34
15,48,21,8.5797e+05,-0.334,-2.415
15,48,21,8.5801e+05,0.377,1.507
15,48,21,8.5805e+05,0.175,-1.361
15,48,21,8.5808e+05,0.402,1.012
15,48,21,8.5812e+05,-0.197,1.605
15,48,21,8.5816e+05,-0.58,-1.194
15,48,21,8.582e+05,1.45,0.754
15,48,21,8.5824e+05,0.476,-1.573
15,48,21,8.5828e+05,0.596,1.048
15,48,21,8.5832e+05,1.343,-0.214
15,48,21,8.5836e+05,0.512,-1.202
15,48,21,8.584e+05,-0.936,1.323
15,48,21,8.5844e+05,-0.058,0.676
15,48,21,8.5848e+05,0.541,-0.649
15,48,21,8.5852e+05,-0.786,1.737
15,48,21,8.5855e+05,0.328,0.76
15,48,21,8.5859e+05,-0.916,-0.909
15,48,21,8.5863e+05,-0.696,-1.286
15,48,21,8.5867e+05,-1.087,-0.056
15,48,21,8.5871e+05,0.032,1.44
15,48,21,8.5875e+05,0.269,0.951
15,48,21,8.5879e+05,-0.057,0.82
15,48,21,8.5883e+05,0.41,-0.912
15,48,21,8.5887e+05,0.387,-2.631
15,48,21,8.5891e+05,0.267,1.238
15,48,21,8.5894e+05,-0.478,0.327
15,48,21,8.5898e+05,-0.687,-0.471
15,48,21,8.5902e+05,-0.748,1.852
15,48,21,8.5906e+05,0.217,-1.039
15,48,21,8.591e+05,0.444,0.304
15,48,21,8.5914e+05,-1.818,1.608
15,48,21,8.5918e+05,-0.179,-1.547
15,48,21,8.5922e+05,-1.231,0.786
15,48,21,8.5926e+05,0.072,0.547
15,48,21,8.593e+05,-0.552,-0.917
15,48,21,8.5934e+05,-0.006,-0.173
15,48,21,8.5937e+05,-0.954,0.481
15,48,21,8.5941e+05,0.807,0.08
15,48,21,8.5945e+05,-0.46,0.352
15,48,21,8.5949e+05,0.757,2.56
15,48,21,8.5953e+05,-0.084,-3.436
15,48,21,8.5957e+05,0.915,-0.26
15,48,21,8.5961e+05,-0.4,0.066
15,48,21,8.5965e+05,0.066,-0.306
15,48,21,8.5969e+05,0.489,0.477
15,48,21,8.5973e+05,0.63,1.714
15,48,21,8.5976e+05,0.748,0.548
15,48,21,8.598e+05,-0.896,-1.227
15,48,21,8.5984e+05,0.727,-0.118
15,48,21,8.5988e+05,-1.811,1.232
15,48,21,8.5992e+05,-0.382,-0.291
15,48,21,8.5996e+05,-0.722,-1.797
15,48,21,8.6e+05,0.297,2.939
15,48,21,8.6004e+05,-0.255,-1.358
15,48,21,8.6008e+05,-0.143,-0.554
15,48,21,8.6012e+05,-0.158,0.806
15,48,21,8.6016e+05,-1.082,-0.563
15,48,21,8.602e+05,0.011,0.008
15,48,21,8.6023e+05,-0.263,1.504
15,48,21,8.6027e+05,1.219,-1.316
15,48,21,8.6031e+05,-1.138,0.894
15,48,21,8.6035e+05,0.529,-1.097
15,48,21,8.6039e+05,-1.819,-0.49
15,48,21,8.6043e+05,0.301,0.931
15,48,21,8.6047e+05,-1.797,1.044
15,48,21,8.6051e+05,0.613,1.912
15,48,21,8.6055e+05,0.103,-2.464
15,48,21,8.6058e+05,1.706,-0.563
15,48,21,8.6062e+05,-1.173,-0.701
15,48,21,8.6066e+05,-0.06,1.109
15,48,21,8.607e+05,0.08,-1.824
15,48,21,8.6074e+05,0.839,1.372
15,48,21,8.6078e+05,-1.077,3.992
15,48,21,8.6082e+05,-1.196,-0.68
15,48,21,8.6086e+05,-0.711,-3.333
15,48,21,8.609e+05,0.268,1.079
15,48,21,8.6094e+05,0.231,0.823
15,48,21,8.6098e+05,0.916,-2.346
15,48,21,8.6102e+05,0.039,0.331
15,48,21,8.6105e+05,-0.367,0.531
15,48,21,8.6109e+05,-1.125,0.024
15,48,21,8.6113e+05,0.358,3.281
15,48,21,8.6117e+05,1.524,0.94
15,48,21,8.6121e+05,0.981,-0.735
15,48,21,8.6125e+05,0.351,-3.011
15,48,21,8.6129e+05,0.126,-0.842
15,48,21,8.6133e+05,0.409,1.094
15,48,21,8.6137e+05,-1.272,2.27
15,48,21,8.6141e+05,-0.088,1.065
15,48,21,8.6144e+05,-0.739,-0.527
15,48,21,8.6148e+05,0.389,-0.313
15,48,21,8.6152e+05,-1.856,0.182
15,48,21,8.6156e+05,-0.174,-0.857
15,48,21,8.616e+05,-2.04,-1.525
15,48,21,8.6164e+05,-1.093,1.072
15,48,21,8.6168e+05,0.43,0.3
15,48,21,8.6172e+05,1.136,0.817
15,48,21,8.6176e+05,-0.314,-0.52
15,48,21,8.618e+05,-0.807,0.537
15,48,21,8.6184e+05,-0.284,-0.827
15,48,21,8.6187e+05,0.468,-0.991
15,48,21,8.6191e+05,0.281,0.833
15,48,21,8.6195e+05,1.291,1.558
15,48,21,8.6199e+05,0.389,-2.741
15,48,21,8.6203e+05,-0.615,-1.565
15,48,21,8.6207e+05,-0.454,0.921
15,48,21,8.6211e+05,-0.09,0.364
15,48,21,8.6215e+05,-0.833,1.861
15,48,21,8.6219e+05,-0.787,0.868
15,48,21,8.6223e+05,0.257,-2.456
15,48,21,8.6226e+05,-0.871,0.24
15,48,21,8.623e+05,0.513,-1.161
15,48,21,8.6234e+05,0.321,-0.711
15,48,21,8.6238e+05,0.705,1.496
15,48,21,8.6242e+05,-0.492,0.046
15,48,21,8.6246e+05,0.498,0.781
15,48,21,8.625e+05,0.415,-2.082
15,48,21,8.6254e+05,0.15,0.173
15,48,21,8.6258e+05,0.714,1.527
15,48,21,8.6262e+05,0.334,-1.167
15,48,21,8.6266e+05,0.487,-0.877
15,48,21,8.627e+05,-0.992,-1.364
15,48,21,8.6273e+05,0.627,1.201
15,48,21,8.6277e+05,-0.336,-0.717
15,48,21,8.6281e+05,0.077,1.372
15,48,21,8.6285e+05,-0.26,0.147
15,48,21,8.6289e+05,-0.709,-0.54
15,48,21,8.6293e+05,0.426,-0.288
15,48,21,8.6297e+05,-1.1,-0.848
15,48,21,8.6301e+05,0.157,1.29
15,48,21,8.6305e+05,0.716,-1.514
15,48,21,8.6308e+05,1.256,-0.799
15,48,21,8.6312e+05,-0.211,1.852
15,48,21,8.6316e+05,0.746,-1.655
15,48,21,8.632e+05,0.173,-1.255
15,48,21,8.6324e+05,-0.613,1.217
15,48,21,8.6328e+05,-0.182,0.482
15,48,21,8.6332e+05,0.3,2.242
15,48,21,8.6336e+05,0.207,-1.264
15,48,21,8.634e+05,-0.728,-0.716
15,48,21,8.6344e+05,0.095,-0.243
15,48,21,8.6348e+05,-1.848,-1.339
15,48,21,8.6352e+05,0.743,1.228
15,48,21,8.6355e+05,-0.712,-0.759
15,48,21,8.6359e+05,0.153,1.547
15,48,21,8.6363e+05,0.106,-1.17
15,48,21,8.6367e+05,0.72,-1.157
15,48,21,8.6371e+05,0.491,-0.009
15,48,21,8.6375e+05,-1.046,1.138
15,48,21,8.6379e+05,2.562,-0.336
15,48,21,8.6383e+05,-0.849,0.022
15,48,21,8.6387e+05,1.489,2.318
15,48,21,8.6391e+05,0.563,-2.872
15,48,21,8.6394e+05,-0.261,0.627
15,48,21,8.6398e+05,-1.398,0.213
15,48,21,8.6402e+05,-0.077,1.247
15,48,21,8.6406e+05,0.199,-0.782
15,48,21,8.641e+05,-1.313,2.862
15,48,21,8.6414e+05,-0.292,-0.77
15,48,21,8.6418e+05,-0.791,-3.162
15,48,21,8.6422e+05,0.048,0.923
15,48,21,8.6426e+05,-0.801,-1.673
15,48,21,8.643e+05,-0.177,1.931
15,48,21,8.6434e+05,0.913,0.789
15,48,21,8.6437e+05,1.336,-1.636
15,48,21,8.6441e+05,0.585,0.256
15,48,21,8.6445e+05,0.331,0.69
15,48,21,8.6449e+05,0.122,-1.28
15,48,21,8.6453e+05,-0.162,1.829
15,48,21,8.6457e+05,-0.126,0.509
15,48,21,8.6461e+05,-1.115,-1.076
15,48,21,8.6465e+05,-0.129,0.248
15,48,21,8.6469e+05,-0.808,0.771
15,48,21,8.6473e+05,-0.921,1.263
15,48,21,8.6476e+05,-0.541,-0.981
15,48,21,8.648e+05,0.154,-0.209
15,48,21,8.6484e+05,-0.248,-0.139
15,48,21,8.6488e+05,0.5,-0.917
15,48,21,8.6492e+05,0.484,1.053
15,48,21,8.6496e+05,0.944,-0.141
15,48,21,8.65e+05,-0.525,-1.729
15,48,21,8.6504e+05,-0.473,0.469
15,48,21,8.6508e+05,0.427,-1.046
15,48,21,8.6512e+05,-0.806,1.629
15,48,21,8.6516e+05,-0.377,0.525
15,48,21,8.652e+05,-0.766,0.366
15,48,21,8.6523e+05,0.442,0.306
15,48,21,8.6527e+05,-0.887,-0.774
15,48,21,8.6531e+05,-0.121,2.979
15,48,21,8.6535e+05,-1.264,-1.756
15,48,21,8.6539e+05,-0.019,0.355
15,48,21,8.6543e+05,0.599,1.02
15,48,21,8.6547e+05,-0.575,-3.187
15,48,21,8.6551e+05,0.949,-0.026
15,48,21,8.6555e+05,2.079,-0.297
15,48,21,8.6558e+05,1.924,-1.452
15,48,21,8.6562e+05,3.38,1.142
15,48,21,8.6566e+05,2.182,0.815
15,48,21,8.657e+05,3.466,-1.869
15,48,21,8.6574e+05,2.985,-0.486
15,48,21,8.6578e+05,1.951,1.145
15,48,21,8.6582e+05,-1.643,-2.063
15,48,21,8.6586e+05,-2.052,1.061
15,48,21,8.659e+05,-3.34,5.49
15,48,21,8.6594e+05,-1.159,0.523
15,48,21,8.6598e+05,-4.746,0.076
15,48,21,8.6602e+05,-3.526,1.102
15,48,21,8.6605e+05,-6.012,-2.323
15,48,21,8.6609e+05,-3.751,-0.91
15,48,21,8.6613e+05,-5.459,0.117
15,48,21,8.6617e+05,-1.568,1.62
15,48,21,8.6621e+05,1.644,-2.632
15,48,21,8.6625e+05,2.473,-0.618
15,48,21,8.6629e+05,2.91,-4.9
15,48,21,8.6633e+05,1.63,-1.367
15,48,21,8.6637e+05,0.105,0.626
15,48,21,8.6641e+05,1.005,1.336
15,48,21,8.6644e+05,-1.504,4.274
15,48,21,8.6648e+05,-2.138,2.512
15,48,21,8.6652e+05,-2.632,1.632
15,48,21,8.6656e+05,-1.397,2.864
15,48,21,8.666e+05,0.434,-0.188
15,48,21,8.6664e+05,2.627,-3.204
15,48,21,8.6668e+05,1.841,-2.517
15,48,21,8.6672e+05,0.82,-1.981
15,48,21,8.6676e+05,0.873,-4.946
15,48,21,8.668e+05,0.114,-0.965
15,48,21,8.6684e+05,0.471,2.96
15,48,21,8.6687e+05,-0.093,0.467
15,48,21,8.6691e+05,-0.052,2.074
15,48,21,8.6695e+05,-1.136,1.028
15,48,21,8.6699e+05,-1.486,1.125
15,48,21,8.6703e+05,0.587,2.686
15,48,21,8.6707e+05,-0.315,1.211
15,48,21,8.6711e+05,1.606,-2.091
15,48,21,8.6715e+05,0.267,-3.104
15,48,21,8.6719e+05,1.786,-2.307
15,48,21,8.6723e+05,0.378,0.378
15,48,21,8.6726e+05,1.274,1.604
15,48,21,8.673e+05,-0.466,0.326
15,48,21,8.6734e+05,-0.101,0.135
15,48,21,8.6738e+05,-0.863,0.876
15,48,21,8.6742e+05,-0.443,-0.536
15,48,21,8.6746e+05,-1.04,-1.41
15,48,21,8.675e+05,-0.609,0.912
15,48,21,8.6754e+05,-0.904,-2.217
15,48,21,8.6758e+05,-0.494,-1.019
15,48,21,8.6762e+05,-0.999,3.584
15,48,21,8.6766e+05,0.615,0.286
15,48,21,8.677e+05,-0.141,1.868
15,48,21,8.6773e+05,1.549,1.55
15,48,21,8.6777e+05,0.116,-2.398
15,48,21,8.6781e+05,0.827,-2.715
15,48,21,8.6785e+05,-0.1,-2.842
15,48,21,8.6789e+05,1.229,1.332
15,48,21,8.6793e+05,-0.687,0.405
15,48,21,8.6797e+05,-0.499,1.315
15,48,21,8.6801e+05,-0.739,-1.634
15,48,21,8.6805e+05,-0.56,-1.981
15,48,21,8.6808e+05,-2.04,2.298
15,48,21,8.6812e+05,-0.662,0.118
15,48,21,8.6816e+05,-0.085,-1.088
15,48,21,8.682e+05,0.01,0.029
15,48,21,8.6824e+05,0.265,-2.103
15,48,21,8.6828e+05,0.335,2.415
15,48,21,8.6832e+05,1.793,1.237
15,48,21,8.6836e+05,1.183,-0.537
15,48,21,8.684e+05,0.335,0.707
15,48,21,8.6844e+05,0.188,-0.437
15,48,21,8.6848e+05,1.038,-0.864
15,48,21,8.6852e+05,-0.102,-1.379
15,48,21,8.6855e+05,-1.393,1.258
15,48,21,8.6859e+05,-0.368,-1.197
15,48,21,8.6863e+05,-2.482,-0.248
15,48,21,8.6867e+05,0.085,0.37
15,48,21,8.6871e+05,-0.905,0.713
15,48,21,8.6875e+05,1.149,-0.146
15,48,21,8.6879e+05,-1.183,-0.497
15,48,21,8.6883e+05,2.053,0.686
15,48,21,8.6887e+05,0.429,-2.567
15,48,21,8.6891e+05,1.89,1.756
15,48,21,8.6894e+05,0.673,1.336
15,48,21,8.6898e+05,1.694,-0.417
15,48,21,8.6902e+05,0.215,-0.521
15,48,21,8.6906e+05,-0.073,0.679
15,48,21,8.691e+05,-0.513,-1.818
15,48,21,8.6914e+05,-1.074,1.627
15,48,21,8.6918e+05,-0.992,0.171
15,48,21,8.6922e+05,-1.752,-1.026
15,48,21,8.6926e+05,-0.513,1.757
15,48,21,8.693e+05,-0.855,-1.657
15,48,21,8.6934e+05,-0.034,-0.072
15,48,21,8.6937e+05,0.2,-0.973
15,48,21,8.6941e+05,0.178,-0.905
15,48,21,8.6945e+05,0.126,-0.362
15,48,21,8.6949e+05,0.98,1.481
15,48,21,8.6953e+05,1.369,-0.121
15,48,21,8.6957e+05,1.057,-1.244
15,48,21,8.6961e+05,0.196,2.494
15,48,21,8.6965e+05,-0.415,-1.139
15,48,21,8.6969e+05,-0.006,-1.037
15,48,21,8.6973e+05,-0.984,1.477
15,48,21,8.6976e+05,-0.262,0.635
15,48,21,8.698e+05,-0.482,0.745
15,48,21,8.6984e+05,0.251,-2
15,48,21,8.6988e+05,-0.58,-0.268
15,48,21,8.6992e+05,0.413,0.663
15,48,21,8.6996e+05,-0.977,-1.115
15,48,21,8.7e+05,0.232,0.972
15,48,21,8.7004e+05,-0.644,1.025
15,48,21,8.7008e+05,-0.036,-2.507
15,48,21,8.7012e+05,0.066,-1.064
15,48,21,8.7016e+05,0.652,1.571
15,48,21,8.702e+05,-0.562,0.177
15,48,21,8.7023e+05,0.813,-1.266
15,48,21,8.7027e+05,-0.762,-0.192
15,48,21,8.7031e+05,-1.474,1.2
15,48,21,8.7035e+05,-1.234,0.288
15,48,21,8.7039e+05,0.543,1.147
15,48,21,8.7043e+05,-1.54,1.009
15,48,21,8.7047e+05,-0.242,1.305
15,48,21,8.7051e+05,-0.995,-0.617
15,48,21,8.7055e+05,1.409,-0.025
15,48,21,8.7058e+05,0.753,0.686
15,48,21,8.7062e+05,4.071,-0.325
15,48,21,8.7066e+05,1.299,-1.182
15,48,21,8.707e+05,1.157,0.777
15,48,21,8.7074e+05,2.036,-4.901
15,48,21,8.7078e+05,1.714,-1.351
15,48,21,8.7082e+05,0.013,0.639
15,48,21,8.7086e+05,-0.177,0.642
15,48,21,8.709e+05,0.298,1.428
15,48,21,8.7094e+05,0.322,-2.805
15,48,21,8.7098e+05,-0.598,-0.214
15,48,21,8.7102e+05,-1.058,1.761
15,48,21,8.7105e+05,-0.68,0.756
15,48,21,8.7109e+05,-1.974,1.729
15,48,21,8.7113e+05,-1.985,0.918
15,48,21,8.7117e+05,-0.471,1.203
15,48,21,8.7121e+05,1.611,-3.833
15,48,21,8.7125e+05,1.146,-1.056
15,48,21,8.7129e+05,2.096,-0.558
15,48,21,8.7133e+05,0.132,-4.332
15,48,21,8.7137e+05,-0.289,-0.502
15,48,21,8.7141e+05,-3.352,-0.44
15,48,21,8.7144e+05,-1.786,1.593
15,48,21,8.7148e+05,-1.805,1.342
15,48,21,8.7152e+05,-2.738,5.414
15,48,21,8.7156e+05,1.003,0.227
15,48,21,8.716e+05,-0.376,-1.9
15,48,21,8.7164e+05,0.818,1.799
15,48,21,8.7168e+05,0.595,0.226
15,48,21,8.7172e+05,0.723,-0.321
15,48,21,8.7176e+05,1.715,1.916
15,48,21,8.718e+05,1.998,-0.534
15,48,21,8.7184e+05,0.574,-1.667
15,48,21,8.7187e+05,1.433,-0.709
15,48,21,8.7191e+05,-0.625,-1.468
15,48,21,8.7195e+05,0.859,-1.558
15,48,21,8.7199e+05,-2.753,2.26
15,48,21,8.7203e+05,0.135,0.846
15,48,21,8.7207e+05,-0.671,-0.499
15,48,21,8.7211e+05,-0.55,0.558
15,48,21,8.7215e+05,-1.534,-0.281
15,48,21,8.7219e+05,0.281,3.234
15,48,21,8.7223e+05,-0.907,-0.853
15,48,21,8.7226e+05,-0.098,-0.762
15,48,21,8.723e+05,1.166,-0.267
15,48,21,8.7234e+05,0.063,-0.929
15,48,21,8.7238e+05,-0.144,-0.694
15,48,21,8.7242e+05,0.392,-1.57
15,48,21,8.7246e+05,1.194,-1.66
15,48,21,8.725e+05,-0.334,-0.451
15,48,21,8.7254e+05,-0.193,-0.044
15,48,21,8.7258e+05,0.291,-1.439
15,48,21,8.7262e+05,-1.879,0.431
15,48,21,8.7266e+05,-1.158,4.04
15,48,21,8.727e+05,-0.835,-0.575
15,48,21,8.7273e+05,-0.214,-1.832
15,48,21,8.7277e+05,0.28,1.238
15,48,21,8.7281e+05,0.137,0.364
15,48,21,8.7285e+05,0.634,-1.775
15,48,21,8.7289e+05,-0.487,0.668
15,48,21,8.7293e+05,-0.656,1.688
15,48,21,8.7297e+05,1.262,-0.427
15,48,21,8.7301e+05,1.568,0.66
15,48,21,8.7305e+05,1.367,1.163
15,48,21,8.7308e+05,1.912,-3.596
15,48,21,8.7312e+05,0.415,-0.716
15,48,21,8.7316e+05,-0.509,0.125
15,48,21,8.732e+05,-1.516,0.262
15,48,21,8.7324e+05,-1.772,2.393
15,48,21,8.7328e+05,-2.018,2.183
15,48,21,8.7332e+05,-0.036,0.312
15,48,21,8.7336e+05,-0.027,-1.024
15,48,21,8.734e+05,0.472,-0.761
15,48,21,8.7344e+05,-0.776,-2.535
15,48,21,8.7348e+05,0.51,0.804
15,48,21,8.7352e+05,0.174,0.752
15,48,21,8.7355e+05,1.37,1.222
15,48,21,8.7359e+05,2.096,0.347
15,48,21,8.7363e+05,1.071,-0.108
15,48,21,8.7367e+05,1.362,-2.679
15,48,21,8.7371e+05,-1.152,-1.763
15,48,21,8.7375e+05,1.079,-0.519
15,48,21,8.7379e+05,-0.367,0.328
15,48,21,8.7383e+05,-0.039,1.235
15,48,21,8.7387e+05,-1.276,-0.682
15,48,21,8.7391e+05,-0.237,-0.432
15,48,21,8.7394e+05,-0.783,0.627
15,48,21,8.7398e+05,-0.113,1.097
15,48,21,8.7402e+05,-1.397,1.52
15,48,21,8.7406e+05,0.779,0.204
15,48,21,8.741e+05,-0.152,-2.865
15,48,21,8.7414e+05,0.701,-0.799
15,48,21,8.7418e+05,0.238,0.846
15,48,21,8.7422e+05,2.24,-0.668
15,48,21,8.7426e+05,0.044,-0.307
15,48,21,8.743e+05,0.694,0.339
15,48,21,8.7434e+05,-0.527,-2.371
15,48,21,8.7437e+05,-1.064,1.291
15,48,21,8.7441e+05,-0.171,0.147
15,48,21,8.7445e+05,-0.619,0.999
15,48,21,8.7449e+05,-0.032,0.762
15,48,21,8.7453e+05,0.516,-2.318
15,48,21,8.7457e+05,0.952,-1.257
15,48,21,8.7461e+05,-1.033,0.584
15,48,21,8.7465e+05,-2.566,2.091
15,48,21,8.7469e+05,-1.754,0.775
15,48,21,8.7473e+05,-0.892,2.199
15,48,21,8.7476e+05,0.262,-2.159
15,48,21,8.748e+05,-0.308,0.906
15,48,21,8.7484e+05,-0.676,0.797
15,48,21,8.7488e+05,-1.645,-1.931
15,48,21,8.7492e+05,-0.976,-0.108
15,48,21,8.7496e+05,-0.281,-0.276
15,48,21,8.75e+05,1.728,1.531
