12,58,41,7.7504e+05,-0.17,0.002
12,58,41,7.7508e+05,-0.364,0.133
12,58,41,7.7512e+05,-0.297,0.439
12,58,41,7.7516e+05,-0.058,-0.287
12,58,41,7.752e+05,-0.447,-0.279
12,58,41,7.7523e+05,-0.289,0.222
12,58,41,7.7527e+05,-0.463,0.314
12,58,41,7.7531e+05,-0.128,-0.193
12,58,41,7.7535e+05,-0.285,0.007
12,58,41,7.7539e+05,-0.096,0.01
12,58,41,7.7543e+05,0.162,-0.229
12,58,41,7.7547e+05,0.421,-0.102
12,58,41,7.7551e+05,0.018,-0.206
12,58,41,7.7555e+05,0.05,0.031
12,58,41,7.7558e+05,0.085,0.41
12,58,41,7.7562e+05,0.158,-0.259
12,58,41,7.7566e+05,-0.155,-0.069
12,58,41,7.757e+05,0.037,0.174
12,58,41,7.7574e+05,0.067,-0.197
12,58,41,7.7578e+05,0.104,-0.256
12,58,41,7.7582e+05,-0.419,-0.226
12,58,41,7.7586e+05,-0.077,0.009
12,58,41,7.759e+05,-0.073,0.375
12,58,41,7.7594e+05,0.144,0.008
12,58,41,7.7598e+05,-0.097,-0.43
12,58,41,7.7602e+05,-0.287,0.096
12,58,41,7.7605e+05,-0.197,-0.209
12,58,41,7.7609e+05,-0.031,0.179
12,58,41,7.7613e+05,0.108,-0.065
12,58,41,7.7617e+05,0.085,-0.181
12,58,41,7.7621e+05,-0.079,0.286
12,58,41,7.7625e+05,-0.026,-0.191
12,58,41,7.7629e+05,-0.058,-0.378
12,58,41,7.7633e+05,-0.199,0.302
12,58,41,7.7637e+05,0.028,-0.055
12,58,41,7.7641e+05,0.094,0.22
12,58,41,7.7644e+05,0.296,-0.483
12,58,41,7.7648e+05,-0.282,-0.494
12,58,41,7.7652e+05,-0.152,0.191
12,58,41,7.7656e+05,-0.09,-0.501
12,58,41,7.766e+05,-0.036,0.166
12,58,41,7.7664e+05,-0.495,0.483
12,58,41,7.7668e+05,-0.474,-0.581
12,58,41,7.7672e+05,-0.375,-0.299
12,58,41,7.7676e+05,-0.012,-0.099
12,58,41,7.768e+05,0.069,-0.078
12,58,41,7.7684e+05,0.416,0.656
12,58,41,7.7687e+05,0.232,-0.307
12,58,41,7.7691e+05,0.568,-0.152
12,58,41,7.7695e+05,0.731,-0.004
12,58,41,7.7699e+05,0.461,0.305
12,58,41,7.7703e+05,0.13,0.349
12,58,41,7.7707e+05,0.352,-0.103
12,58,41,7.7711e+05,0,-0.385
12,58,41,7.7715e+05,-0.022,0.072
12,58,41,7.7719e+05,0.217,-0.417
12,58,41,7.7723e+05,-0.448,0.073
12,58,41,7.7726e+05,-0.531,-0.079
12,58,41,7.773e+05,-0.031,-0.781
12,58,41,7.7734e+05,-0.159,0.333
12,58,41,7.7738e+05,-0.127,-0.521
12,58,41,7.7742e+05,-0.184,-0.304
12,58,41,7.7746e+05,0.41,-0.322
12,58,41,7.775e+05,0.149,-0.6
12,58,41,7.7754e+05,0.209,0.543
12,58,41,7.7758e+05,0.413,-0.021
12,58,41,7.7762e+05,0.49,-0.002
12,58,41,7.7766e+05,0.4,0.685
12,58,41,7.777e+05,0.713,-0.763
12,58,41,7.7773e+05,0.298,0.351
12,58,41,7.7777e+05,0.273,0.289
12,58,41,7.7781e+05,-0.013,-0.116
12,58,41,7.7785e+05,0.255,0.02
12,58,41,7.7789e+05,0.162,-0.445
12,58,41,7.7793e+05,-0.351,0.289
12,58,41,7.7797e+05,-0.759,-0.135
12,58,41,7.7801e+05,-0.269,0.013
12,58,41,7.7805e+05,-0.192,0.124
12,58,41,7.7808e+05,-0.087,0.003
12,58,41,7.7812e+05,-0.044,-0.324
12,58,41,7.7816e+05,0.135,-0.14
12,58,41,7.782e+05,-0.321,-0.445
12,58,41,7.7824e+05,-0.569,0.014
12,58,41,7.7828e+05,-0.126,0.614
12,58,41,7.7832e+05,-0.129,0.7
12,58,41,7.7836e+05,0.03,0.112
12,58,41,7.784e+05,0.346,0.22
12,58,41,7.7844e+05,0.379,-0.232
12,58,41,7.7848e+05,0.36,-0.747
12,58,41,7.7852e+05,0.028,0.868
12,58,41,7.7855e+05,-0.025,-0.012
12,58,41,7.7859e+05,0.09,-0.355
12,58,41,7.7863e+05,0.567,0.45
12,58,41,7.7867e+05,0.273,-0.881
12,58,41,7.7871e+05,-0.122,-0.378
12,58,41,7.7875e+05,-0.269,-0.148
12,58,41,7.7879e+05,-0.178,-0.004
12,58,41,7.7883e+05,-0.245,0.751
12,58,41,7.7887e+05,0.025,0.909
12,58,41,7.7891e+05,0.065,-0.204
12,58,41,7.7894e+05,-0.204,-0.642
12,58,41,7.7898e+05,-0.291,0.23
12,58,41,7.7902e+05,-0.277,0.294
12,58,41,7.7906e+05,-0.093,0.308
12,58,41,7.791e+05,-0.293,0.261
12,58,41,7.7914e+05,-0.331,0.444
12,58,41,7.7918e+05,0.373,0.435
12,58,41,7.7922e+05,0.461,-0.614
12,58,41,7.7926e+05,-0.26,0.178
12,58,41,7.793e+05,-0.83,0.163
12,58,41,7.7934e+05,-0.382,-0.596
12,58,41,7.7937e+05,0.312,0.196
12,58,41,7.7941e+05,0.04,-0.022
12,58,41,7.7945e+05,-0.016,-0.415
12,58,41,7.7949e+05,-0.312,0.487
12,58,41,7.7953e+05,-0.104,-0.359
12,58,41,7.7957e+05,-0.056,-0.375
12,58,41,7.7961e+05,0.237,0.887
12,58,41,7.7965e+05,-0.352,0.103
12,58,41,7.7969e+05,0.209,0.193
12,58,41,7.7973e+05,0.221,0.323
12,58,41,7.7976e+05,0.893,-0.67
12,58,41,7.798e+05,-0.128,-0.424
12,58,41,7.7984e+05,-0.171,0.767
12,58,41,7.7988e+05,-0.325,0.32
12,58,41,7.7992e+05,-0.032,0.634
12,58,41,7.7996e+05,-0.096,-0.226
12,58,41,7.8e+05,-0.585,-0.523
12,58,41,7.8004e+05,-0.156,0.323
12,58,41,7.8008e+05,-0.224,-0.264
12,58,41,7.8012e+05,-0.309,-0.345
12,58,41,7.8016e+05,-0.412,-0.001
12,58,41,7.802e+05,-0.548,0.351
12,58,41,7.8023e+05,0.033,0.104
12,58,41,7.8027e+05,0.115,0.12
12,58,41,7.8031e+05,-0.34,-0.446
12,58,41,7.8035e+05,-0.71,-0.268
12,58,41,7.8039e+05,-0.375,0.23
12,58,41,7.8043e+05,-0.079,0.077
12,58,41,7.8047e+05,0.023,-0.558
12,58,41,7.8051e+05,-0.544,0.601
12,58,41,7.8055e+05,0.146,0.679
12,58,41,7.8058e+05,0.485,-0.909
12,58,41,7.8062e+05,0.487,0.118
12,58,41,7.8066e+05,-0.364,0.101
12,58,41,7.807e+05,0.064,0.213
12,58,41,7.8074e+05,0.448,-0.32
12,58,41,7.8078e+05,0.064,0.115
12,58,41,7.8082e+05,0.102,0.503
12,58,41,7.8086e+05,-0.329,0.551
12,58,41,7.809e+05,-0.207,-0.377
12,58,41,7.8094e+05,-0.307,0.228
12,58,41,7.8098e+05,-0.452,0.267
12,58,41,7.8102e+05,-0.651,-0.069
12,58,41,7.8105e+05,-0.39,0.204
12,58,41,7.8109e+05,-0.043,-0.444
12,58,41,7.8113e+05,-0.074,0.124
12,58,41,7.8117e+05,0.154,0.112
12,58,41,7.8121e+05,0.355,-0.389
12,58,41,7.8125e+05,0.529,-0.163
12,58,41,7.8129e+05,0.344,-0.577
12,58,41,7.8133e+05,0.262,0.25
12,58,41,7.8137e+05,0.748,-0.2
12,58,41,7.8141e+05,0.286,-0.332
12,58,41,7.8144e+05,0.484,0.381
12,58,41,7.8148e+05,0.149,-0.012
12,58,41,7.8152e+05,-0.01,0.142
12,58,41,7.8156e+05,-0.064,-0.14
12,58,41,7.816e+05,0.134,0.149
12,58,41,7.8164e+05,-0.485,0.514
12,58,41,7.8168e+05,-0.241,-0.326
12,58,41,7.8172e+05,-0.428,-0.077
12,58,41,7.8176e+05,0.309,0.566
12,58,41,7.818e+05,-0.172,-0.389
12,58,41,7.8184e+05,0.261,0.048
12,58,41,7.8187e+05,-0.336,-0.142
12,58,41,7.8191e+05,-0.07,-0.205
12,58,41,7.8195e+05,0.147,0.047
12,58,41,7.8199e+05,0.226,0.246
12,58,41,7.8203e+05,-0.042,0.173
12,58,41,7.8207e+05,0.41,-0.236
12,58,41,7.8211e+05,0.314,-0.462
12,58,41,7.8215e+05,0.408,-0.058
12,58,41,7.8219e+05,-0.02,0.389
12,58,41,7.8223e+05,0.078,0.382
12,58,41,7.8226e+05,0.269,-0.409
12,58,41,7.823e+05,0.648,-0.132
12,58,41,7.8234e+05,0.041,-0.118
12,58,41,7.8238e+05,0.041,0.115
12,58,41,7.8242e+05,-0.084,-0.106
12,58,41,7.8246e+05,0.261,-0.289
12,58,41,7.825e+05,0.047,0.438
12,58,41,7.8254e+05,0.111,0.465
12,58,41,7.8258e+05,0.563,-0.598
12,58,41,7.8262e+05,0.716,0.181
12,58,41,7.8266e+05,0.667,-0.565
12,58,41,7.827e+05,0.022,-0.364
12,58,41,7.8273e+05,0.536,-0.027
12,58,41,7.8277e+05,0.322,-0.321
12,58,41,7.8281e+05,0.415,0.257
12,58,41,7.8285e+05,0.019,-0.092
12,58,41,7.8289e+05,0.022,-0.051
12,58,41,7.8293e+05,-0.223,-0.304
12,58,41,7.8297e+05,-0.06,-0.193
12,58,41,7.8301e+05,-0.128,0.21
12,58,41,7.8305e+05,0.014,0.196
12,58,41,7.8308e+05,0.274,-0.397
12,58,41,7.8312e+05,-0.223,0.289
12,58,41,7.8316e+05,-0.036,0.15
12,58,41,7.832e+05,0.038,-0.168
12,58,41,7.8324e+05,0.569,-0.145
12,58,41,7.8328e+05,0.368,-0.769
12,58,41,7.8332e+05,0.213,0.627
12,58,41,7.8336e+05,0.383,0.537
12,58,41,7.834e+05,0.842,-0.577
12,58,41,7.8344e+05,0.451,-0.046
12,58,41,7.8348e+05,0.224,0.034
12,58,41,7.8352e+05,0.266,-0.179
12,58,41,7.8355e+05,0.539,-0.334
12,58,41,7.8359e+05,0.16,-0.63
12,58,41,7.8363e+05,-0.011,0.108
12,58,41,7.8367e+05,0.041,0.366
12,58,41,7.8371e+05,0.332,-0.064
12,58,41,7.8375e+05,0.356,-0.079
12,58,41,7.8379e+05,0.023,0.429
12,58,41,7.8383e+05,0.369,-0.58
12,58,41,7.8387e+05,0.442,-0.575
12,58,41,7.8391e+05,0.424,0.093
12,58,41,7.8394e+05,0.068,0.644
12,58,41,7.8398e+05,0.316,0.249
12,58,41,7.8402e+05,0.265,-0.311
12,58,41,7.8406e+05,0.458,0.539
12,58,41,7.841e+05,0.035,0.591
12,58,41,7.8414e+05,0.125,-0.121
12,58,41,7.8418e+05,-0.018,-0.376
12,58,41,7.8422e+05,0.296,0.082
12,58,41,7.8426e+05,0.246,0.234
12,58,41,7.843e+05,0.403,0.168
12,58,41,7.8434e+05,0.433,-0.833
12,58,41,7.8437e+05,0.168,0.428
12,58,41,7.8441e+05,0.132,0.008
12,58,41,7.8445e+05,-0.254,-0.071
12,58,41,7.8449e+05,0.166,0.557
12,58,41,7.8453e+05,0.094,-0.071
12,58,41,7.8457e+05,0.28,-0.119
12,58,41,7.8461e+05,0.234,0.064
12,58,41,7.8465e+05,0.256,-0.335
12,58,41,7.8469e+05,-0.144,0.176
12,58,41,7.8473e+05,0.075,0.655
12,58,41,7.8476e+05,0.271,0.177
12,58,41,7.848e+05,0.046,0.058
12,58,41,7.8484e+05,0.341,-0.039
12,58,41,7.8488e+05,0.393,-0.295
12,58,41,7.8492e+05,0.407,-0.327
12,58,41,7.8496e+05,-0.217,0.096
12,58,41,7.85e+05,0.107,0.199
12,58,41,7.8504e+05,-0.219,-0.017
12,58,41,7.8508e+05,-0.105,0.187
12,58,41,7.8512e+05,-0.068,-0.228
12,58,41,7.8516e+05,-0.226,0.406
12,58,41,7.852e+05,-0.282,-0.296
12,58,41,7.8523e+05,-0.324,-0.309
12,58,41,7.8527e+05,-0.122,0.413
12,58,41,7.8531e+05,-0.266,0.371
12,58,41,7.8535e+05,0.337,0.279
12,58,41,7.8539e+05,0.403,0.371
12,58,41,7.8543e+05,0.149,-0.047
12,58,41,7.8547e+05,0.032,-0.455
12,58,41,7.8551e+05,-0.095,0.134
12,58,41,7.8555e+05,0.073,-0.101
12,58,41,7.8558e+05,-0.545,0.196
12,58,41,7.8562e+05,-0.54,0.163
12,58,41,7.8566e+05,-1.079,-0.426
12,58,41,7.857e+05,-0.707,0.14
12,58,41,7.8574e+05,-0.526,0.201
12,58,41,7.8578e+05,-0.374,0.666
12,58,41,7.8582e+05,0.195,0.125
12,58,41,7.8586e+05,1.145,0.134
12,58,41,7.859e+05,1.474,0.243
12,58,41,7.8594e+05,1.798,-0.825
12,58,41,7.8598e+05,1.235,-0.182
12,58,41,7.8602e+05,1.091,-0.185
12,58,41,7.8605e+05,0.255,-0.45
12,58,41,7.8609e+05,-0.331,0.813
12,58,41,7.8613e+05,-1.113,0.317
12,58,41,7.8617e+05,-1.272,0.844
12,58,41,7.8621e+05,-0.839,0.236
12,58,41,7.8625e+05,-0.768,0.134
12,58,41,7.8629e+05,-0.921,0.359
12,58,41,7.8633e+05,-0.929,-0.114
12,58,41,7.8637e+05,-0.73,-0.985
12,58,41,7.8641e+05,-0.721,-0.152
12,58,41,7.8644e+05,-0.5,-0.203
12,58,41,7.8648e+05,-0.617,0.394
12,58,41,7.8652e+05,0.564,1.099
12,58,41,7.8656e+05,1.208,0.613
12,58,41,7.866e+05,1.421,0.463
12,58,41,7.8664e+05,1.207,-0.697
12,58,41,7.8668e+05,0.626,-0.309
12,58,41,7.8672e+05,0.058,0.533
12,58,41,7.8676e+05,-0.208,0.025
12,58,41,7.868e+05,-0.902,0.33
12,58,41,7.8684e+05,-0.749,1.081
12,58,41,7.8687e+05,-1.135,-0.356
12,58,41,7.8691e+05,-0.558,-0.767
12,58,41,7.8695e+05,-0.994,-0.482
12,58,41,7.8699e+05,-1.09,-0.915
12,58,41,7.8703e+05,-1.342,0.485
12,58,41,7.8707e+05,-0.205,0.929
12,58,41,7.8711e+05,0.322,-0.103
12,58,41,7.8715e+05,0.554,0.36
12,58,41,7.8719e+05,0.23,-0.474
12,58,41,7.8723e+05,0.863,-0.732
12,58,41,7.8726e+05,0.414,0.331
12,58,41,7.873e+05,0.145,0.064
12,58,41,7.8734e+05,-0.572,0.29
12,58,41,7.8738e+05,-0.766,1.075
12,58,41,7.8742e+05,-0.378,0.231
12,58,41,7.8746e+05,0.455,-0.109
12,58,41,7.875e+05,-0.099,0.19
12,58,41,7.8754e+05,-0.017,-0.31
12,58,41,7.8758e+05,0.403,-0.233
12,58,41,7.8762e+05,1.018,-0.375
12,58,41,7.8766e+05,0.458,-0.582
12,58,41,7.877e+05,-0.014,0.457
12,58,41,7.8773e+05,-0.568,-0.152
12,58,41,7.8777e+05,-0.511,-0.082
12,58,41,7.8781e+05,-0.65,-0.196
12,58,41,7.8785e+05,-0.954,0.422
12,58,41,7.8789e+05,-1.027,0.52
12,58,41,7.8793e+05,-0.792,0.395
12,58,41,7.8797e+05,-0.618,0.064
12,58,41,7.8801e+05,-0.679,-0.005
12,58,41,7.8805e+05,-0.236,-0.18
12,58,41,7.8808e+05,-0.249,0.227
12,58,41,7.8812e+05,0.273,0.181
12,58,41,7.8816e+05,0.57,-0.221
12,58,41,7.882e+05,0.644,-0.242
12,58,41,7.8824e+05,0.586,-0.683
12,58,41,7.8828e+05,0.887,0.264
12,58,41,7.8832e+05,0.329,-0.172
12,58,41,7.8836e+05,0.413,-0.52
12,58,41,7.884e+05,0.271,0.135
12,58,41,7.8844e+05,0.15,-0.242
12,58,41,7.8848e+05,-0.221,0.12
12,58,41,7.8852e+05,-0.292,0.488
12,58,41,7.8855e+05,-0.228,0.134
12,58,41,7.8859e+05,-0.391,-0.18
12,58,41,7.8863e+05,-0.293,0.309
12,58,41,7.8867e+05,-0.17,0.209
12,58,41,7.8871e+05,0.169,-0.447
12,58,41,7.8875e+05,0.266,-0.577
12,58,41,7.8879e+05,-0.472,0.027
12,58,41,7.8883e+05,-0.155,-0.042
12,58,41,7.8887e+05,-0.156,0.07
12,58,41,7.8891e+05,0.452,-0.656
12,58,41,7.8894e+05,-0.015,-0.175
12,58,41,7.8898e+05,0.416,0.292
12,58,41,7.8902e+05,0.011,-0.709
12,58,41,7.8906e+05,0.446,0.332
12,58,41,7.891e+05,0.098,0.429
12,58,41,7.8914e+05,0.613,0.301
12,58,41,7.8918e+05,0.484,0.216
12,58,41,7.8922e+05,0.823,0.182
12,58,41,7.8926e+05,0.739,-0.965
12,58,41,7.893e+05,0.628,-0.137
12,58,41,7.8934e+05,0.165,-0.527
12,58,41,7.8937e+05,-0.242,0.166
12,58,41,7.8941e+05,-0.482,0.443
12,58,41,7.8945e+05,-0.634,-0.344
12,58,41,7.8949e+05,-0.437,-0.505
12,58,41,7.8953e+05,-0.733,0.185
12,58,41,7.8957e+05,-0.149,-0.362
12,58,41,7.8961e+05,-0.35,-0.243
12,58,41,7.8965e+05,-0.064,0.517
12,58,41,7.8969e+05,0.176,-0.659
12,58,41,7.8973e+05,0.019,0.544
12,58,41,7.8976e+05,0.16,0.082
12,58,41,7.898e+05,0.068,-0.392
12,58,41,7.8984e+05,0.508,0.176
12,58,41,7.8988e+05,0.828,-0.131
12,58,41,7.8992e+05,0.39,-0.316
12,58,41,7.8996e+05,0.15,0.359
12,58,41,7.9e+05,0.548,-0.885
12,58,41,7.9004e+05,0.09,-0.346
12,58,41,7.9008e+05,0.272,0.33
12,58,41,7.9012e+05,-0.48,-0.067
12,58,41,7.9016e+05,-0.364,0.054
12,58,41,7.902e+05,-0.171,-0.3
12,58,41,7.9023e+05,0.123,-0.164
12,58,41,7.9027e+05,-0.506,0.2
12,58,41,7.9031e+05,-0.543,0.767
12,58,41,7.9035e+05,-0.335,-0.047
12,58,41,7.9039e+05,-0.118,0.316
12,58,41,7.9043e+05,-0.252,0.047
12,58,41,7.9047e+05,-0.097,-0.186
12,58,41,7.9051e+05,0.164,-0.017
12,58,41,7.9055e+05,0.122,0.325
12,58,41,7.9058e+05,-0.005,-0.404
12,58,41,7.9062e+05,-0.007,-0.105
12,58,41,7.9066e+05,-0.144,0.088
12,58,41,7.907e+05,-0.289,0.333
12,58,41,7.9074e+05,0.029,0.216
12,58,41,7.9078e+05,0.045,-0.298
12,58,41,7.9082e+05,-0.37,-0.478
12,58,41,7.9086e+05,-0.458,0.478
12,58,41,7.909e+05,0.185,-0.327
12,58,41,7.9094e+05,0.019,-0.104
12,58,41,7.9098e+05,0.015,0.495
12,58,41,7.9102e+05,-0.453,-0.003
12,58,41,7.9105e+05,-0.046,0.064
12,58,41,7.9109e+05,-0.177,0.031
12,58,41,7.9113e+05,-0.077,0.478
12,58,41,7.9117e+05,-0.172,0.62
12,58,41,7.9121e+05,-0.055,-0.29
12,58,41,7.9125e+05,-0.185,-0.459
12,58,41,7.9129e+05,0.052,0.611
12,58,41,7.9133e+05,-0.074,0.132
12,58,41,7.9137e+05,-0.098,-0.501
12,58,41,7.9141e+05,-0.428,0.254
12,58,41,7.9144e+05,-0.223,0.551
12,58,41,7.9148e+05,-0.297,-0.297
12,58,41,7.9152e+05,0.179,0.084
12,58,41,7.9156e+05,-0.18,0.044
12,58,41,7.916e+05,-0.029,-0.037
12,58,41,7.9164e+05,-0.087,-0.23
12,58,41,7.9168e+05,0.043,-0.496
12,58,41,7.9172e+05,0.087,0.366
12,58,41,7.9176e+05,-0.045,0.794
12,58,41,7.918e+05,-0.147,-0.336
12,58,41,7.9184e+05,-0.143,0.014
12,58,41,7.9187e+05,-0.061,0.369
12,58,41,7.9191e+05,0.078,-0.048
12,58,41,7.9195e+05,0.102,0.458
12,58,41,7.9199e+05,-0.029,-0.402
12,58,41,7.9203e+05,-0.5,-0.006
12,58,41,7.9207e+05,-0.048,-0.162
12,58,41,7.9211e+05,0.09,-0.691
12,58,41,7.9215e+05,-0.108,0.283
12,58,41,7.9219e+05,-0.552,0.4
12,58,41,7.9223e+05,-0.228,-0.121
12,58,41,7.9226e+05,0.28,-0.35
12,58,41,7.923e+05,0.377,-0.377
12,58,41,7.9234e+05,-0.201,-0.243
12,58,41,7.9238e+05,-0.44,0.162
12,58,41,7.9242e+05,-0.609,-0.194
12,58,41,7.9246e+05,-0.15,0.437
12,58,41,7.925e+05,-0.273,0.211
12,58,41,7.9254e+05,-0.622,0.837
12,58,41,7.9258e+05,-0.274,0.033
12,58,41,7.9262e+05,-0.272,0.022
12,58,41,7.9266e+05,-0.064,-0.596
12,58,41,7.927e+05,-0.54,-0.416
12,58,41,7.9273e+05,-0.004,0.588
12,58,41,7.9277e+05,-0.27,0.089
12,58,41,7.9281e+05,0.229,0.068
12,58,41,7.9285e+05,-0.13,-0.634
12,58,41,7.9289e+05,0.208,-0.54
12,58,41,7.9293e+05,-0.304,0.303
12,58,41,7.9297e+05,0.016,0.401
12,58,41,7.9301e+05,-0.366,-0.634
12,58,41,7.9305e+05,-0.464,0.035
12,58,41,7.9308e+05,-0.211,0.083
12,58,41,7.9312e+05,-0.083,0.659
12,58,41,7.9316e+05,0.091,0.287
12,58,41,7.932e+05,-0.169,-0.041
12,58,41,7.9324e+05,-0.018,0.051
12,58,41,7.9328e+05,-0.008,0.05
12,58,41,7.9332e+05,0.278,0.253
12,58,41,7.9336e+05,0.101,-0.322
12,58,41,7.934e+05,0.3,-0.13
12,58,41,7.9344e+05,-0.042,-0.363
12,58,41,7.9348e+05,-0.026,0.278
12,58,41,7.9352e+05,0.166,0.123
12,58,41,7.9355e+05,-0.106,0.001
12,58,41,7.9359e+05,0.013,-0.164
12,58,41,7.9363e+05,-0.254,-0.295
12,58,41,7.9367e+05,-0.266,-0.357
12,58,41,7.9371e+05,-0.556,0.239
12,58,41,7.9375e+05,-0.449,0.301
12,58,41,7.9379e+05,0.006,-0.018
12,58,41,7.9383e+05,0.381,0.159
12,58,41,7.9387e+05,0.362,0.359
12,58,41,7.9391e+05,0.247,-0.485
12,58,41,7.9394e+05,0.107,-0.343
12,58,41,7.9398e+05,0.472,0.164
12,58,41,7.9402e+05,0.372,0.239
12,58,41,7.9406e+05,0.062,-0.174
12,58,41,7.941e+05,0.037,-0.568
12,58,41,7.9414e+05,0.142,0.094
12,58,41,7.9418e+05,0.202,-0.06
12,58,41,7.9422e+05,-0.049,-0.315
12,58,41,7.9426e+05,-0.055,0.515
12,58,41,7.943e+05,-0.215,-0.325
12,58,41,7.9434e+05,0.049,-0.322
12,58,41,7.9437e+05,0.305,-0.147
12,58,41,7.9441e+05,-0.277,0.292
12,58,41,7.9445e+05,0.09,0.277
12,58,41,7.9449e+05,0.347,0.098
12,58,41,7.9453e+05,0.739,-0.233
12,58,41,7.9457e+05,0.103,-0.37
12,58,41,7.9461e+05,0.26,-0.103
12,58,41,7.9465e+05,-0.252,-0.278
12,58,41,7.9469e+05,0.145,-0.274
12,58,41,7.9473e+05,-0.444,0.21
12,58,41,7.9476e+05,0.029,0.508
12,58,41,7.948e+05,-0.194,-0.319
12,58,41,7.9484e+05,0.03,0.176
12,58,41,7.9488e+05,-0.005,-0.908
12,58,41,7.9492e+05,0.145,0.061
12,58,41,7.9496e+05,0.235,-0.296
12,58,41,7.95e+05,0.174,-0.122
12,58,41,7.9504e+05,0.308,-0.121
12,58,41,7.9508e+05,0.37,-0.082
12,58,41,7.9512e+05,0.667,0.373
12,58,41,7.9516e+05,0.708,-0.207
12,58,41,7.952e+05,0.092,-0.016
12,58,41,7.9523e+05,0.032,-0.556
12,58,41,7.9527e+05,0.318,-0.473
12,58,41,7.9531e+05,0.291,0.493
12,58,41,7.9535e+05,-0.131,0.408
12,58,41,7.9539e+05,0.248,-0.18
12,58,41,7.9543e+05,-0.203,-0.103
12,58,41,7.9547e+05,0.12,-0.285
12,58,41,7.9551e+05,-0.096,-0.007
12,58,41,7.9555e+05,0.151,0.402
12,58,41,7.9558e+05,-0.145,-0.591
12,58,41,7.9562e+05,-0.098,0.121
12,58,41,7.9566e+05,0.179,-0.561
12,58,41,7.957e+05,-0.109,-0.234
12,58,41,7.9574e+05,-0.118,0.439
12,58,41,7.9578e+05,0.396,0.465
12,58,41,7.9582e+05,0.601,-0.321
12,58,41,7.9586e+05,0.422,-0.493
12,58,41,7.959e+05,0.547,-0.067
12,58,41,7.9594e+05,0.552,-0.072
12,58,41,7.9598e+05,0.329,0.052
12,58,41,7.9602e+05,0.182,0.224
12,58,41,7.9605e+05,-0.065,-0.016
12,58,41,7.9609e+05,-0.063,0.139
12,58,41,7.9613e+05,-0.077,-0.119
12,58,41,7.9617e+05,-0.338,0.143
12,58,41,7.9621e+05,0.025,0.122
12,58,41,7.9625e+05,0.012,-0.439
12,58,41,7.9629e+05,0.16,-0.153
12,58,41,7.9633e+05,-0.199,0.353
12,58,41,7.9637e+05,0.035,-0.091
12,58,41,7.9641e+05,0.165,0.036
12,58,41,7.9644e+05,0.547,0.03
12,58,41,7.9648e+05,0.223,0.467
12,58,41,7.9652e+05,0.516,0.163
12,58,41,7.9656e+05,0.306,-0.33
12,58,41,7.966e+05,0.701,0.014
12,58,41,7.9664e+05,0.136,0.228
12,58,41,7.9668e+05,0.255,-0.165
12,58,41,7.9672e+05,-0.481,0.381
12,58,41,7.9676e+05,-0.221,0.32
12,58,41,7.968e+05,-0.32,-0.251
12,58,41,7.9684e+05,0.326,-0.118
12,58,41,7.9687e+05,-0.143,0.048
12,58,41,7.9691e+05,-0.17,0.154
12,58,41,7.9695e+05,-0.264,-0.685
12,58,41,7.9699e+05,-0.053,-0.194
12,58,41,7.9703e+05,-0.056,0.036
12,58,41,7.9707e+05,0.183,0.945
12,58,41,7.9711e+05,0.071,-0.065
12,58,41,7.9715e+05,0.264,-1.07
12,58,41,7.9719e+05,0.281,0.108
12,58,41,7.9723e+05,0.499,0.315
12,58,41,7.9726e+05,0.195,0.114
12,58,41,7.973e+05,0.403,0.78
12,58,41,7.9734e+05,0.108,0.23
12,58,41,7.9738e+05,0.69,0.086
12,58,41,7.9742e+05,0.149,-0.346
12,58,41,7.9746e+05,-0.004,-0.179
12,58,41,7.975e+05,-0.679,0.646
12,58,41,7.9754e+05,-0.067,0.313
12,58,41,7.9758e+05,0.149,-0.453
12,58,41,7.9762e+05,0.011,0.387
12,58,41,7.9766e+05,-0.486,-0.099
12,58,41,7.977e+05,0.031,0.038
12,58,41,7.9773e+05,0.415,-0.593
12,58,41,7.9777e+05,-0.354,0.07
12,58,41,7.9781e+05,-0.092,0.377
12,58,41,7.9785e+05,-0.374,-0.315
12,58,41,7.9789e+05,0.195,0.16
12,58,41,7.9793e+05,0.141,0.295
12,58,41,7.9797e+05,0.366,0.518
12,58,41,7.9801e+05,0.372,0.108
12,58,41,7.9805e+05,0.31,-0.098
12,58,41,7.9808e+05,0.433,0.199
12,58,41,7.9812e+05,0.234,-0.246
12,58,41,7.9816e+05,-0.066,0.315
12,58,41,7.982e+05,-0.016,0.398
12,58,41,7.9824e+05,-0.085,0.518
12,58,41,7.9828e+05,0.214,-0.136
12,58,41,7.9832e+05,0.165,0.071
12,58,41,7.9836e+05,0.228,0.11
12,58,41,7.984e+05,-0.127,-0.239
12,58,41,7.9844e+05,0.16,0.115
12,58,41,7.9848e+05,-0.112,-0.601
12,58,41,7.9852e+05,-0.187,0.517
12,58,41,7.9855e+05,-0.071,0.498
12,58,41,7.9859e+05,0.161,0.042
12,58,41,7.9863e+05,0.087,0.686
12,58,41,7.9867e+05,0.482,-0.379
12,58,41,7.9871e+05,0.145,0.358
12,58,41,7.9875e+05,0.584,1.124
12,58,41,7.9879e+05,0.159,-0.302
12,58,41,7.9883e+05,0.061,0.071
12,58,41,7.9887e+05,-0.097,0.315
12,58,41,7.9891e+05,0.51,-0.048
12,58,41,7.9894e+05,0.155,-0.185
12,58,41,7.9898e+05,0.297,-0.179
12,58,41,7.9902e+05,-0.125,-0.524
12,58,41,7.9906e+05,0.156,-0.328
12,58,41,7.991e+05,0.143,-0.144
12,58,41,7.9914e+05,-0.168,-0.002
12,58,41,7.9918e+05,-0.279,0.354
12,58,41,7.9922e+05,-0.589,0.308
12,58,41,7.9926e+05,-0.476,-0.257
12,58,41,7.993e+05,-0.266,1.016
12,58,41,7.9934e+05,0.089,0.445
12,58,41,7.9937e+05,0.095,0.186
12,58,41,7.9941e+05,0.144,0.8
12,58,41,7.9945e+05,0.013,-0.681
12,58,41,7.9949e+05,-0.473,-0.003
12,58,41,7.9953e+05,-0.432,0.155
12,58,41,7.9957e+05,-0.938,-0.115
12,58,41,7.9961e+05,-0.145,0.101
12,58,41,7.9965e+05,-0.296,-1.08
12,58,41,7.9969e+05,-0.21,-0.314
12,58,41,7.9973e+05,-0.119,0.401
12,58,41,7.9976e+05,-0.026,-0.403
12,58,41,7.998e+05,-0.175,0.135
12,58,41,7.9984e+05,0.049,0.121
12,58,41,7.9988e+05,-0.109,-0.372
12,58,41,7.9992e+05,0.288,0.029
12,58,41,7.9996e+05,0.222,0.366
12,58,41,8e+05,-0.195,0.426
12,58,41,8.0004e+05,-0.445,0.216
12,58,41,8.0008e+05,-0.737,0.13
12,58,41,8.0012e+05,-0.927,-0.076
12,58,41,8.0016e+05,-0.527,0.098
12,58,41,8.002e+05,-0.303,0.052
12,58,41,8.0023e+05,0.107,-0.716
12,58,41,8.0027e+05,0.171,-0.064
12,58,41,8.0031e+05,0.767,0.235
12,58,41,8.0035e+05,1.24,-0.625
12,58,41,8.0039e+05,1.619,0.531
12,58,41,8.0043e+05,1.434,-1.014
12,58,41,8.0047e+05,0.707,0.019
12,58,41,8.0051e+05,0.293,0.504
12,58,41,8.0055e+05,-0.119,-0.125
12,58,41,8.0058e+05,-0.916,0.806
12,58,41,8.0062e+05,-1.281,0.631
12,58,41,8.0066e+05,-0.893,0.213
12,58,41,8.007e+05,-0.533,0.593
12,58,41,8.0074e+05,-0.101,-0.353
12,58,41,8.0078e+05,-0.036,-0.053
12,58,41,8.0082e+05,0.607,-0.146
12,58,41,8.0086e+05,0.714,-1.498
12,58,41,8.009e+05,0.083,-0.997
12,58,41,8.0094e+05,-0.314,0.072
12,58,41,8.0098e+05,-0.346,0.208
12,58,41,8.0102e+05,0.227,0.851
12,58,41,8.0105e+05,0.728,1.131
12,58,41,8.0109e+05,1.021,0.886
12,58,41,8.0113e+05,1.183,0.128
12,58,41,8.0117e+05,1.028,-1.085
12,58,41,8.0121e+05,0.987,-0.608
12,58,41,8.0125e+05,0.314,-0.822
12,58,41,8.0129e+05,-0.134,0.05
12,58,41,8.0133e+05,-0.488,0.722
12,58,41,8.0137e+05,-0.289,0.058
12,58,41,8.0141e+05,-0.092,0.077
12,58,41,8.0144e+05,-0.194,-0.656
12,58,41,8.0148e+05,-0.391,-1.152
12,58,41,8.0152e+05,-0.824,-0.101
12,58,41,8.0156e+05,-0.663,-0.349
12,58,41,8.016e+05,-0.568,0.35
12,58,41,8.0164e+05,-0.289,1.636
12,58,41,8.0168e+05,0.178,0.323
12,58,41,8.0172e+05,0.385,0.282
12,58,41,8.0176e+05,0.868,-0.851
12,58,41,8.018e+05,0.133,-0.923
12,58,41,8.0184e+05,-0.272,0.615
12,58,41,8.0187e+05,-0.208,0.544
12,58,41,8.0191e+05,0.08,0.612
12,58,41,8.0195e+05,0.091,0.409
12,58,41,8.0199e+05,0.017,-0.475
12,58,41,8.0203e+05,0.024,-0.175
12,58,41,8.0207e+05,0.176,-0.456
12,58,41,8.0211e+05,-0.09,-0.523
12,58,41,8.0215e+05,0.376,0.108
12,58,41,8.0219e+05,0.164,0.432
12,58,41,8.0223e+05,0.269,-0.129
12,58,41,8.0226e+05,0.105,-0.163
12,58,41,8.023e+05,-0.387,-0.199
12,58,41,8.0234e+05,-0.785,-0.083
12,58,41,8.0238e+05,-0.164,1.39
12,58,41,8.0242e+05,-0.524,-0.121
12,58,41,8.0246e+05,-0.534,0.012
12,58,41,8.025e+05,-0.364,0.631
12,58,41,8.0254e+05,-0.148,-0.434
12,58,41,8.0258e+05,-0.222,-0.05
12,58,41,8.0262e+05,-0.597,0.666
12,58,41,8.0266e+05,-0.471,0.319
12,58,41,8.027e+05,-0.018,0.183
12,58,41,8.0273e+05,0.328,0.138
12,58,41,8.0277e+05,0.233,-0.112
12,58,41,8.0281e+05,0.204,-0.475
12,58,41,8.0285e+05,0.067,-0.559
12,58,41,8.0289e+05,0.14,-0.151
12,58,41,8.0293e+05,-0.469,0.681
12,58,41,8.0297e+05,-0.106,0.543
12,58,41,8.0301e+05,0.151,0.153
12,58,41,8.0305e+05,-0.155,0.423
12,58,41,8.0308e+05,-0.366,-0.168
12,58,41,8.0312e+05,-0.375,-0.036
12,58,41,8.0316e+05,-0.026,0.304
12,58,41,8.032e+05,-0.432,0.438
12,58,41,8.0324e+05,-0.552,-0.185
12,58,41,8.0328e+05,-0.559,-0.139
12,58,41,8.0332e+05,-0.542,0.726
12,58,41,8.0336e+05,-0.213,0.213
12,58,41,8.034e+05,-0.061,-0.055
12,58,41,8.0344e+05,0.14,-0.165
12,58,41,8.0348e+05,0.347,0.102
12,58,41,8.0352e+05,0.459,-0.292
12,58,41,8.0355e+05,0.301,-0.477
12,58,41,8.0359e+05,-0.031,0.907
12,58,41,8.0363e+05,-0.258,0.748
12,58,41,8.0367e+05,0.048,0.407
12,58,41,8.0371e+05,0.272,0.145
12,58,41,8.0375e+05,0.233,0.152
12,58,41,8.0379e+05,-0.104,0.043
12,58,41,8.0383e+05,-0.34,0.079
12,58,41,8.0387e+05,-0.3,0.305
12,58,41,8.0391e+05,-0.527,0.102
12,58,41,8.0394e+05,-0.84,0.349
12,58,41,8.0398e+05,-0.972,0.745
12,58,41,8.0402e+05,-0.592,0.107
12,58,41,8.0406e+05,-0.359,-0.48
12,58,41,8.041e+05,-0.562,0.194
12,58,41,8.0414e+05,-0.815,0.524
12,58,41,8.0418e+05,-0.63,-0.457
12,58,41,8.0422e+05,-0.249,0.104
12,58,41,8.0426e+05,-0.241,0.299
12,58,41,8.043e+05,0.296,0.029
12,58,41,8.0434e+05,0.762,0.16
12,58,41,8.0437e+05,1.069,-0.506
12,58,41,8.0441e+05,0.585,0.34
12,58,41,8.0445e+05,0.394,0.034
12,58,41,8.0449e+05,0.247,-0.457
12,58,41,8.0453e+05,0.102,0.604
12,58,41,8.0457e+05,-0.078,0.27
12,58,41,8.0461e+05,-0.388,0.276
12,58,41,8.0465e+05,-0.548,-0.127
12,58,41,8.0469e+05,-0.748,0.244
12,58,41,8.0473e+05,-0.808,0.193
12,58,41,8.0476e+05,-0.878,-0.307
12,58,41,8.048e+05,-1.095,0.756
12,58,41,8.0484e+05,-0.598,-0.183
12,58,41,8.0488e+05,-0.499,-0.024
12,58,41,8.0492e+05,-0.125,-0.115
12,58,41,8.0496e+05,0.022,-0.766
12,58,41,8.05e+05,-0.033,0.203
12,58,41,8.0504e+05,0.379,-0.184
12,58,41,8.0508e+05,0.734,-0.665
12,58,41,8.0512e+05,0.125,0.219
12,58,41,8.0516e+05,0.147,-0.201
12,58,41,8.052e+05,-0.145,0.313
12,58,41,8.0523e+05,0.531,0.287
12,58,41,8.0527e+05,0.344,-0.083
12,58,41,8.0531e+05,-0.038,0.239
12,58,41,8.0535e+05,-0.652,-0.174
12,58,41,8.0539e+05,-0.08,-0.163
12,58,41,8.0543e+05,-0.19,0.229
12,58,41,8.0547e+05,-0.295,0.176
12,58,41,8.0551e+05,-0.759,-0.208
12,58,41,8.0555e+05,-0.259,0.123
12,58,41,8.0558e+05,-0.187,-0.301
12,58,41,8.0562e+05,-0.335,-0.622
12,58,41,8.0566e+05,-0.768,0.481
12,58,41,8.057e+05,-0.32,0.061
12,58,41,8.0574e+05,-0.354,-0.401
12,58,41,8.0578e+05,0.345,-0.024
12,58,41,8.0582e+05,0.11,-0.182
12,58,41,8.0586e+05,-0.05,0.316
12,58,41,8.059e+05,-0.074,-0.06
12,58,41,8.0594e+05,0.216,-0.497
12,58,41,8.0598e+05,-0.008,0.333
12,58,41,8.0602e+05,0.014,-0.011
12,58,41,8.0605e+05,0.11,-0.509
12,58,41,8.0609e+05,0.216,0.074
12,58,41,8.0613e+05,0.064,0.02
12,58,41,8.0617e+05,-0.068,-0.356
12,58,41,8.0621e+05,-0.21,-0.016
12,58,41,8.0625e+05,-0.1,0.666
12,58,41,8.0629e+05,0.21,-0.05
12,58,41,8.0633e+05,0.401,-0.643
12,58,41,8.0637e+05,-0.079,0.068
12,58,41,8.0641e+05,-0.076,-0.298
12,58,41,8.0644e+05,-0.34,0.268
12,58,41,8.0648e+05,-0.079,0.102
12,58,41,8.0652e+05,-0.304,-0.137
12,58,41,8.0656e+05,-0.052,0.705
12,58,41,8.066e+05,-0.127,-0.234
12,58,41,8.0664e+05,0.156,-0.471
12,58,41,8.0668e+05,-0.064,-0.05
12,58,41,8.0672e+05,0.048,-0.568
12,58,41,8.0676e+05,-0.309,-0.161
12,58,41,8.068e+05,-0.098,0.102
12,58,41,8.0684e+05,0.164,-0.018
12,58,41,8.0687e+05,0.613,-0.507
12,58,41,8.0691e+05,0.116,-0.043
12,58,41,8.0695e+05,0.274,0.214
12,58,41,8.0699e+05,0.036,-0.62
12,58,41,8.0703e+05,0.232,0.308
12,58,41,8.0707e+05,-0.128,-0.27
12,58,41,8.0711e+05,0.263,0.142
12,58,41,8.0715e+05,-0.135,0.21
12,58,41,8.0719e+05,0.29,-0.41
12,58,41,8.0723e+05,-0.057,-0.143
12,58,41,8.0726e+05,0.135,0.09
12,58,41,8.073e+05,-0.372,-0.41
12,58,41,8.0734e+05,-0.141,0.274
12,58,41,8.0738e+05,-0.263,-0.193
12,58,41,8.0742e+05,0.12,0.033
12,58,41,8.0746e+05,-0.033,0.045
12,58,41,8.075e+05,0.266,-0.321
12,58,41,8.0754e+05,0.171,-0.157
12,58,41,8.0758e+05,0.287,-0.225
12,58,41,8.0762e+05,0.356,-0.494
12,58,41,8.0766e+05,-0.261,0.078
12,58,41,8.077e+05,-0.075,0.321
12,58,41,8.0773e+05,0.015,0.269
12,58,41,8.0777e+05,0.086,-0.24
12,58,41,8.0781e+05,-0.349,0.186
12,58,41,8.0785e+05,-0.143,0.37
12,58,41,8.0789e+05,-0.123,0.079
12,58,41,8.0793e+05,0.127,-0.196
12,58,41,8.0797e+05,-0.095,-0.052
12,58,41,8.0801e+05,-0.02,0.16
12,58,41,8.0805e+05,-0.138,-0.164
12,58,41,8.0808e+05,0.164,-0.323
12,58,41,8.0812e+05,-0.205,0.151
12,58,41,8.0816e+05,0.172,0.068
12,58,41,8.082e+05,-0.009,-0.19
12,58,41,8.0824e+05,0.423,0.274
12,58,41,8.0828e+05,-0.024,-0.305
12,58,41,8.0832e+05,0.111,-0.277
12,58,41,8.0836e+05,-0.402,0.282
12,58,41,8.084e+05,0.008,-0.123
12,58,41,8.0844e+05,-0.139,-0.111
12,58,41,8.0848e+05,0.183,0.108
12,58,41,8.0852e+05,-0.001,-0.49
12,58,41,8.0855e+05,0.337,0.328
12,58,41,8.0859e+05,0.011,-0.18
12,58,41,8.0863e+05,0.246,0.026
12,58,41,8.0867e+05,0.305,0.172
12,58,41,8.0871e+05,0.276,0.089
12,58,41,8.0875e+05,0.138,-0.004
12,58,41,8.0879e+05,0.361,0.294
12,58,41,8.0883e+05,0.251,-0.311
12,58,41,8.0887e+05,-0.168,0.209
12,58,41,8.0891e+05,-0.538,0.587
12,58,41,8.0894e+05,-0.229,0.536
12,58,41,8.0898e+05,0.129,-0.008
12,58,41,8.0902e+05,0.141,0.014
12,58,41,8.0906e+05,-0.22,0.064
12,58,41,8.091e+05,-0.032,-0.407
12,58,41,8.0914e+05,-0.024,-0.024
12,58,41,8.0918e+05,-0.101,-0.139
12,58,41,8.0922e+05,-0.16,0.028
12,58,41,8.0926e+05,-0.161,0.132
12,58,41,8.093e+05,-0.227,-0.362
12,58,41,8.0934e+05,-0.002,0.196
12,58,41,8.0937e+05,-0.261,-0.256
12,58,41,8.0941e+05,-0.235,0.439
12,58,41,8.0945e+05,-0.143,0.405
12,58,41,8.0949e+05,0.112,-0.328
12,58,41,8.0953e+05,0.275,0.589
12,58,41,8.0957e+05,0.411,0.12
12,58,41,8.0961e+05,0.095,-0.294
12,58,41,8.0965e+05,0.12,0.453
12,58,41,8.0969e+05,0.091,0.015
12,58,41,8.0973e+05,-0.07,0.12
12,58,41,8.0976e+05,-0.478,0.295
12,58,41,8.098e+05,-0.466,0.145
12,58,41,8.0984e+05,-0.035,0.091
12,58,41,8.0988e+05,0.12,-0.026
12,58,41,8.0992e+05,-0.051,-0.227
12,58,41,8.0996e+05,-0.611,0.272
12,58,41,8.1e+05,-0.485,0.143
12,58,41,8.1004e+05,-0.22,-0.579
12,58,41,8.1008e+05,-0.212,0.078
12,58,41,8.1012e+05,-0.568,0.146
12,58,41,8.1016e+05,-0.556,0.51
12,58,41,8.102e+05,0.018,0.14
12,58,41,8.1023e+05,-0.1,-0.734
12,58,41,8.1027e+05,0.124,-0.032
12,58,41,8.1031e+05,-0.451,0.843
12,58,41,8.1035e+05,-0.057,0.62
12,58,41,8.1039e+05,-0.002,-0.152
12,58,41,8.1043e+05,0.205,-0.175
12,58,41,8.1047e+05,-0.094,-0.17
12,58,41,8.1051e+05,-0.173,0.241
12,58,41,8.1055e+05,0.004,-0.455
12,58,41,8.1058e+05,-0.053,0.02
12,58,41,8.1062e+05,-0.39,-0.196
12,58,41,8.1066e+05,-0.686,0.284
12,58,41,8.107e+05,-0.213,-0.362
12,58,41,8.1074e+05,0.053,-0.158
12,58,41,8.1078e+05,-0.427,0.29
12,58,41,8.1082e+05,-0.479,-0.023
12,58,41,8.1086e+05,0.078,-0.165
12,58,41,8.109e+05,-0.117,0.168
12,58,41,8.1094e+05,0.033,0.066
12,58,41,8.1098e+05,-0.043,0.185
12,58,41,8.1102e+05,-0.111,-0.013
12,58,41,8.1105e+05,-0.103,-0.288
12,58,41,8.1109e+05,-0.301,0.48
12,58,41,8.1113e+05,-0.225,0.036
12,58,41,8.1117e+05,-0.145,-0.243
12,58,41,8.1121e+05,-0.362,0.304
12,58,41,8.1125e+05,0.072,-0.108
12,58,41,8.1129e+05,-0.006,-0.183
12,58,41,8.1133e+05,0.06,-0.524
12,58,41,8.1137e+05,-0.208,0.259
12,58,41,8.1141e+05,0.095,0.005
12,58,41,8.1144e+05,0.15,-0.029
12,58,41,8.1148e+05,0.506,-0.198
12,58,41,8.1152e+05,-0.064,-0.213
12,58,41,8.1156e+05,0.289,0.308
12,58,41,8.116e+05,0.155,0.071
12,58,41,8.1164e+05,0.371,-0.203
12,58,41,8.1168e+05,-0.119,0.337
12,58,41,8.1172e+05,-0.063,0.377
12,58,41,8.1176e+05,-0.469,-0.417
12,58,41,8.118e+05,-0.189,0.239
12,58,41,8.1184e+05,-0.374,0.26
12,58,41,8.1187e+05,-0.421,-0.065
12,58,41,8.1191e+05,-0.685,-0.421
12,58,41,8.1195e+05,-0.692,0.422
12,58,41,8.1199e+05,-0.285,-0.139
12,58,41,8.1203e+05,-0.112,0.07
12,58,41,8.1207e+05,0.205,0.286
12,58,41,8.1211e+05,0.187,-0.282
12,58,41,8.1215e+05,0.439,-0.188
12,58,41,8.1219e+05,0.562,-0.726
12,58,41,8.1223e+05,0.422,0.336
12,58,41,8.1226e+05,0.684,0.444
12,58,41,8.123e+05,0.559,-0.641
12,58,41,8.1234e+05,0.05,0.139
12,58,41,8.1238e+05,0.029,0.003
12,58,41,8.1242e+05,0.152,-0.327
12,58,41,8.1246e+05,0.35,0.179
12,58,41,8.125e+05,-0.039,0.273
12,58,41,8.1254e+05,-0.376,-0.468
12,58,41,8.1258e+05,-0.399,-0.337
12,58,41,8.1262e+05,-0.02,-0
12,58,41,8.1266e+05,-0.494,-0.088
12,58,41,8.127e+05,-0.721,0.805
12,58,41,8.1273e+05,-0.18,-0.396
12,58,41,8.1277e+05,0.213,-0.462
12,58,41,8.1281e+05,0.008,0.29
12,58,41,8.1285e+05,-0.085,-0.131
12,58,41,8.1289e+05,0.298,0.017
12,58,41,8.1293e+05,0.403,0.109
12,58,41,8.1297e+05,0.271,-0.48
12,58,41,8.1301e+05,0.682,0.533
12,58,41,8.1305e+05,0.634,-0.695
12,58,41,8.1308e+05,0.145,-0.299
12,58,41,8.1312e+05,-0.161,0.595
12,58,41,8.1316e+05,-0.037,-0.324
12,58,41,8.132e+05,-0.088,-0.523
12,58,41,8.1324e+05,-0.254,0.558
12,58,41,8.1328e+05,0.055,0.104
12,58,41,8.1332e+05,0.015,-0.501
12,58,41,8.1336e+05,-0.487,-0.483
12,58,41,8.134e+05,-0.396,-0.033
12,58,41,8.1344e+05,0.022,0.416
12,58,41,8.1348e+05,0.169,0.423
12,58,41,8.1352e+05,0.113,0.039
12,58,41,8.1355e+05,-0.088,-0.488
12,58,41,8.1359e+05,0.461,-0.318
12,58,41,8.1363e+05,0.31,0.192
12,58,41,8.1367e+05,0.532,-0.242
12,58,41,8.1371e+05,0.142,0.316
12,58,41,8.1375e+05,0.082,-0.046
12,58,41,8.1379e+05,0.105,-0.304
12,58,41,8.1383e+05,0.359,0.296
12,58,41,8.1387e+05,0,0.014
12,58,41,8.1391e+05,0.182,-0.017
12,58,41,8.1394e+05,-0.13,-0.351
12,58,41,8.1398e+05,0.329,-0.735
12,58,41,8.1402e+05,0.076,-0.007
12,58,41,8.1406e+05,0.392,0.12
12,58,41,8.141e+05,0.1,0.06
12,58,41,8.1414e+05,0.329,-0.052
12,58,41,8.1418e+05,-0.033,-0.289
12,58,41,8.1422e+05,0.292,0.383
12,58,41,8.1426e+05,0.126,-0.145
12,58,41,8.143e+05,0.252,0.056
12,58,41,8.1434e+05,-0.374,0.43
12,58,41,8.1437e+05,-0.305,0.066
12,58,41,8.1441e+05,-0.024,-0.346
12,58,41,8.1445e+05,0.235,0.469
12,58,41,8.1449e+05,-0.443,0.189
12,58,41,8.1453e+05,0.134,0.231
12,58,41,8.1457e+05,-0.057,-0.399
12,58,41,8.1461e+05,-0.062,-0.436
12,58,41,8.1465e+05,-0.188,0.229
12,58,41,8.1469e+05,0.178,0.066
12,58,41,8.1473e+05,0.024,-0.466
12,58,41,8.1476e+05,-0.002,0.258
12,58,41,8.148e+05,-0.077,-0.262
12,58,41,8.1484e+05,0.132,-0.194
12,58,41,8.1488e+05,-0.132,0.56
12,58,41,8.1492e+05,-0.208,0.215
12,58,41,8.1496e+05,0.219,0.214
12,58,41,8.15e+05,0.049,0.413
12,58,41,8.1504e+05,0.367,0.051
12,58,41,8.1508e+05,0.154,0.377
12,58,41,8.1512e+05,0.268,-0.179
12,58,41,8.1516e+05,0.477,-0.247
12,58,41,8.152e+05,0.242,0.399
12,58,41,8.1523e+05,-0.175,0.012
12,58,41,8.1527e+05,0.279,-0.449
12,58,41,8.1531e+05,0.139,-0.04
12,58,41,8.1535e+05,0.141,-0.159
12,58,41,8.1539e+05,-0.579,0.812
12,58,41,8.1543e+05,-0.402,-0.09
12,58,41,8.1547e+05,-0.647,-0.512
12,58,41,8.1551e+05,0.029,0.436
12,58,41,8.1555e+05,-0.319,0.403
12,58,41,8.1558e+05,-0.073,0.136
12,58,41,8.1562e+05,-0.075,0.251
12,58,41,8.1566e+05,0.287,-0.134
12,58,41,8.157e+05,0.15,-0.241
12,58,41,8.1574e+05,0.162,0.951
12,58,41,8.1578e+05,0.218,-0.22
12,58,41,8.1582e+05,0.151,0.468
12,58,41,8.1586e+05,0.476,-0.075
12,58,41,8.159e+05,0.313,-0.365
12,58,41,8.1594e+05,0.191,0.151
12,58,41,8.1598e+05,-0.192,0.085
12,58,41,8.1602e+05,0.105,-0.387
12,58,41,8.1605e+05,-0.469,0.176
12,58,41,8.1609e+05,-0.357,0.201
12,58,41,8.1613e+05,-0.58,-0.294
12,58,41,8.1617e+05,-0.266,0.581
12,58,41,8.1621e+05,-0.223,0.071
12,58,41,8.1625e+05,0.065,0.036
12,58,41,8.1629e+05,-0.293,0.23
12,58,41,8.1633e+05,0.043,0.239
12,58,41,8.1637e+05,0.386,-0.26
12,58,41,8.1641e+05,0.998,0.557
12,58,41,8.1644e+05,0.845,-0.171
12,58,41,8.1648e+05,0.67,-0.88
12,58,41,8.1652e+05,0.221,0.246
12,58,41,8.1656e+05,0.059,0.309
12,58,41,8.166e+05,0.032,-0.273
12,58,41,8.1664e+05,0.079,0.716
12,58,41,8.1668e+05,-0.03,0.579
12,58,41,8.1672e+05,-0.148,-0.802
12,58,41,8.1676e+05,-0.374,-0.082
12,58,41,8.168e+05,-0.229,-0.251
12,58,41,8.1684e+05,-0.559,0.167
12,58,41,8.1687e+05,-0.297,0.599
12,58,41,8.1691e+05,-0.416,-0.197
12,58,41,8.1695e+05,0.254,-0.205
12,58,41,8.1699e+05,0.072,0.331
12,58,41,8.1703e+05,0.554,-0.147
12,58,41,8.1707e+05,-0.082,-0.349
12,58,41,8.1711e+05,0.128,0.711
12,58,41,8.1715e+05,0.237,-0.439
12,58,41,8.1719e+05,0.684,0.516
12,58,41,8.1723e+05,0.624,0.265
12,58,41,8.1726e+05,0.774,-0.253
12,58,41,8.173e+05,-0.136,-0.022
12,58,41,8.1734e+05,0.134,-0.026
12,58,41,8.1738e+05,-0.146,-0.374
12,58,41,8.1742e+05,-0.255,0.824
12,58,41,8.1746e+05,-0.183,-0.009
12,58,41,8.175e+05,-0.169,-0.125
12,58,41,8.1754e+05,-0.113,0.08
12,58,41,8.1758e+05,-0.025,-0.6
12,58,41,8.1762e+05,-0.198,-0.183
12,58,41,8.1766e+05,-0.265,0.263
12,58,41,8.177e+05,-0.292,-0.068
12,58,41,8.1773e+05,-0.048,-0.317
12,58,41,8.1777e+05,-0.169,0.081
12,58,41,8.1781e+05,0.187,0.162
12,58,41,8.1785e+05,0.503,-0.099
12,58,41,8.1789e+05,0.754,0.054
12,58,41,8.1793e+05,0.187,-0.052
12,58,41,8.1797e+05,0.056,0.028
12,58,41,8.1801e+05,0.288,0.431
12,58,41,8.1805e+05,0.452,-0.17
12,58,41,8.1808e+05,0.214,-0.169
12,58,41,8.1812e+05,0.214,0.519
12,58,41,8.1816e+05,-0.053,-0.671
12,58,41,8.182e+05,0.054,0.112
12,58,41,8.1824e+05,-0.12,0.027
12,58,41,8.1828e+05,-0.03,0.037
12,58,41,8.1832e+05,-0.136,0.202
12,58,41,8.1836e+05,-0.222,-0.397
12,58,41,8.184e+05,-0.049,-0.076
12,58,41,8.1844e+05,0.163,-0.123
12,58,41,8.1848e+05,0.375,-0.524
12,58,41,8.1852e+05,-0.036,0.163
12,58,41,8.1855e+05,0.211,0.646
12,58,41,8.1859e+05,0.617,-0.141
12,58,41,8.1863e+05,0.56,0.364
12,58,41,8.1867e+05,0.468,0.226
12,58,41,8.1871e+05,0.209,-0.548
12,58,41,8.1875e+05,0.538,-0.359
12,58,41,8.1879e+05,0.265,0.049
12,58,41,8.1883e+05,0.236,-0.131
12,58,41,8.1887e+05,-0.119,0.524
12,58,41,8.1891e+05,-0.003,-0.075
12,58,41,8.1894e+05,-0.589,-0.748
12,58,41,8.1898e+05,-0.951,0.536
12,58,41,8.1902e+05,-1.122,-0.644
12,58,41,8.1906e+05,-0.564,0.571
12,58,41,8.191e+05,0.61,1.004
12,58,41,8.1914e+05,1.24,-0.237
12,58,41,8.1918e+05,1.66,-0.049
12,58,41,8.1922e+05,1.623,-0.43
12,58,41,8.1926e+05,1.141,-0.873
12,58,41,8.193e+05,0.657,-0.008
12,58,41,8.1934e+05,0.082,0.366
12,58,41,8.1937e+05,-0.707,0.415
12,58,41,8.1941e+05,-0.993,1.07
12,58,41,8.1945e+05,-0.565,0.35
12,58,41,8.1949e+05,-0.61,-0.232
12,58,41,8.1953e+05,-0.629,-0.478
12,58,41,8.1957e+05,-0.977,-0.147
12,58,41,8.1961e+05,-0.647,-0.426
12,58,41,8.1965e+05,-0.272,0.059
12,58,41,8.1969e+05,0.251,0.135
12,58,41,8.1973e+05,0.327,-0.013
12,58,41,8.1976e+05,0.67,0.101
12,58,41,8.198e+05,0.911,-0.164
12,58,41,8.1984e+05,1.037,-0.673
12,58,41,8.1988e+05,0.612,0.133
12,58,41,8.1992e+05,-0.025,0.79
12,58,41,8.1996e+05,-0.141,-0.13
12,58,41,8.2e+05,-0.376,0.672
12,58,41,8.2004e+05,-0.589,0.709
12,58,41,8.2008e+05,-0.575,-0.681
12,58,41,8.2012e+05,-0.649,-0.257
12,58,41,8.2016e+05,-0.412,-0.058
12,58,41,8.202e+05,-0.109,-0.498
12,58,41,8.2023e+05,-0.309,-0.28
12,58,41,8.2027e+05,-0.595,-0.273
12,58,41,8.2031e+05,0.164,0.035
12,58,41,8.2035e+05,0.014,-0.067
12,58,41,8.2039e+05,0.425,-0.117
12,58,41,8.2043e+05,0.094,-0.24
12,58,41,8.2047e+05,0.279,0.279
12,58,41,8.2051e+05,0.275,0.292
12,58,41,8.2055e+05,0.396,0.737
12,58,41,8.2058e+05,0.178,0.648
12,58,41,8.2062e+05,-0.075,0.665
12,58,41,8.2066e+05,0.244,-0.373
12,58,41,8.207e+05,0.215,0.527
12,58,41,8.2074e+05,-0.108,0.024
12,58,41,8.2078e+05,-0.479,-0.384
12,58,41,8.2082e+05,-0.135,0.502
12,58,41,8.2086e+05,-0.094,-0.825
12,58,41,8.209e+05,-0.491,-0.527
12,58,41,8.2094e+05,-1.011,-0.154
12,58,41,8.2098e+05,-0.786,-0.214
12,58,41,8.2102e+05,-0.122,0.059
12,58,41,8.2105e+05,-0.295,0.133
12,58,41,8.2109e+05,-0.472,0.406
12,58,41,8.2113e+05,-0.426,-0.112
12,58,41,8.2117e+05,0.242,0.224
12,58,41,8.2121e+05,0.895,0.161
12,58,41,8.2125e+05,0.572,0.184
12,58,41,8.2129e+05,0.336,0.645
12,58,41,8.2133e+05,0.473,-0.218
12,58,41,8.2137e+05,0.29,0.307
12,58,41,8.2141e+05,0.22,0.078
12,58,41,8.2144e+05,-0.039,-0.105
12,58,41,8.2148e+05,-0.397,0.479
12,58,41,8.2152e+05,-0.329,-0.282
12,58,41,8.2156e+05,-0.469,-0.188
12,58,41,8.216e+05,-0.416,0.156
12,58,41,8.2164e+05,-0.854,-0.302
12,58,41,8.2168e+05,-0.714,0.388
12,58,41,8.2172e+05,-0.659,0.143
12,58,41,8.2176e+05,-0.253,-0.175
12,58,41,8.218e+05,-0.196,0.471
12,58,41,8.2184e+05,0.163,0.261
12,58,41,8.2187e+05,0.224,-0.412
12,58,41,8.2191e+05,0.111,-0.114
12,58,41,8.2195e+05,-0.097,0.418
12,58,41,8.2199e+05,-0.115,1.193
12,58,41,8.2203e+05,0.056,-0.383
12,58,41,8.2207e+05,-0.181,0.346
12,58,41,8.2211e+05,-0.279,0.429
12,58,41,8.2215e+05,-0.223,-0.889
12,58,41,8.2219e+05,0.144,0.2
12,58,41,8.2223e+05,-0.388,0.189
12,58,41,8.2226e+05,-0.053,0.321
12,58,41,8.223e+05,0.074,0.234
12,58,41,8.2234e+05,0.331,-0.572
12,58,41,8.2238e+05,-0.306,-0.407
12,58,41,8.2242e+05,-0.204,0.483
12,58,41,8.2246e+05,-0.275,-0.403
12,58,41,8.225e+05,-0.105,-0.218
12,58,41,8.2254e+05,0.009,0.437
12,58,41,8.2258e+05,0.256,0.611
12,58,41,8.2262e+05,-0.286,-0.103
12,58,41,8.2266e+05,-0.385,-0.264
12,58,41,8.227e+05,-0.708,-0.119
12,58,41,8.2273e+05,-0.777,0.544
12,58,41,8.2277e+05,-0.742,0.195
12,58,41,8.2281e+05,-0.171,0.316
12,58,41,8.2285e+05,-0.28,0.198
12,58,41,8.2289e+05,0.276,-0.737
12,58,41,8.2293e+05,0.08,-0.538
12,58,41,8.2297e+05,0.281,0.124
12,58,41,8.2301e+05,0.469,-0.222
12,58,41,8.2305e+05,0.683,-0.111
12,58,41,8.2308e+05,0.178,-0.162
12,58,41,8.2312e+05,0.27,-0.781
12,58,41,8.2316e+05,0.284,-0.302
12,58,41,8.232e+05,-0.053,0.252
12,58,41,8.2324e+05,-0.203,-0.063
12,58,41,8.2328e+05,-0.229,0.65
12,58,41,8.2332e+05,-0.059,-0.189
12,58,41,8.2336e+05,-0.405,-0.1
12,58,41,8.234e+05,-0.828,0.348
12,58,41,8.2344e+05,-0.613,-0.269
12,58,41,8.2348e+05,-0.275,0.379
12,58,41,8.2352e+05,-0.306,0.22
12,58,41,8.2355e+05,-0.06,-0.306
12,58,41,8.2359e+05,-0.233,0.033
12,58,41,8.2363e+05,0.212,-0.385
12,58,41,8.2367e+05,0.372,-0.079
12,58,41,8.2371e+05,0.275,-0.271
12,58,41,8.2375e+05,-0.219,0.011
12,58,41,8.2379e+05,-0.095,0.006
12,58,41,8.2383e+05,-0.148,-0.392
12,58,41,8.2387e+05,0.222,0.397
12,58,41,8.2391e+05,-0.019,-0.137
12,58,41,8.2394e+05,0.236,-0.554
12,58,41,8.2398e+05,-0.019,-0.068
12,58,41,8.2402e+05,0.277,-0.024
12,58,41,8.2406e+05,0.191,-0.269
12,58,41,8.241e+05,0.009,0.074
12,58,41,8.2414e+05,0.026,-0.429
12,58,41,8.2418e+05,-0.088,0.632
12,58,41,8.2422e+05,-0.029,0.134
12,58,41,8.2426e+05,-0.198,-0.569
12,58,41,8.243e+05,-0.41,0.389
12,58,41,8.2434e+05,-0.224,0.481
12,58,41,8.2437e+05,0.127,-0.702
12,58,41,8.2441e+05,-0.019,-0.307
12,58,41,8.2445e+05,0.073,0.142
12,58,41,8.2449e+05,0.049,-0.121
12,58,41,8.2453e+05,0.045,-0.269
12,58,41,8.2457e+05,-0.055,-0.11
12,58,41,8.2461e+05,0.042,0.207
12,58,41,8.2465e+05,0.193,-0.09
12,58,41,8.2469e+05,-0.102,-0.004
12,58,41,8.2473e+05,0.013,-0.312
12,58,41,8.2476e+05,0.018,0.254
12,58,41,8.248e+05,-0.102,0.186
12,58,41,8.2484e+05,0.038,0.181
12,58,41,8.2488e+05,0.254,0.271
12,58,41,8.2492e+05,0.196,-0.502
12,58,41,8.2496e+05,0.375,-0.263
12,58,41,8.25e+05,0.042,0.358
12,58,41,8.2504e+05,0.049,-0.346
12,58,41,8.2508e+05,0.22,-0.121
12,58,41,8.2512e+05,0.332,-0.014
12,58,41,8.2516e+05,0.199,-0.122
12,58,41,8.252e+05,-0.004,0.033
12,58,41,8.2523e+05,-0.26,-0.883
12,58,41,8.2527e+05,-0.315,-0.451
12,58,41,8.2531e+05,-0.419,0.213
12,58,41,8.2535e+05,-0.059,0.153
12,58,41,8.2539e+05,-0.053,0.331
12,58,41,8.2543e+05,-0.322,-0.23
12,58,41,8.2547e+05,0.151,-0.154
12,58,41,8.2551e+05,0.129,-0.233
12,58,41,8.2555e+05,0.019,-0.148
12,58,41,8.2558e+05,-0.234,0.582
12,58,41,8.2562e+05,-0.03,0.633
12,58,41,8.2566e+05,0.971,-0.587
12,58,41,8.257e+05,0.536,-0.484
12,58,41,8.2574e+05,0.068,-0.059
12,58,41,8.2578e+05,-0.141,-0.377
12,58,41,8.2582e+05,0.359,0.105
12,58,41,8.2586e+05,0.214,-0.041
12,58,41,8.259e+05,-0.268,-0.161
12,58,41,8.2594e+05,-0.485,0.292
12,58,41,8.2598e+05,-0.106,-0.408
12,58,41,8.2602e+05,-0.227,-0.138
12,58,41,8.2605e+05,-0.138,0.534
12,58,41,8.2609e+05,-0.593,0.177
12,58,41,8.2613e+05,-0.158,0.274
12,58,41,8.2617e+05,-0.169,-0.323
12,58,41,8.2621e+05,0.268,-0.2
12,58,41,8.2625e+05,-0.382,-0.011
12,58,41,8.2629e+05,-0.032,0.301
12,58,41,8.2633e+05,0.391,-0.376
12,58,41,8.2637e+05,0.525,0.456
12,58,41,8.2641e+05,0.188,0.026
12,58,41,8.2644e+05,0.383,-0.399
12,58,41,8.2648e+05,0.571,-0.189
12,58,41,8.2652e+05,0.109,0.154
12,58,41,8.2656e+05,-0.407,0.269
12,58,41,8.266e+05,-0.298,0.221
12,58,41,8.2664e+05,0.013,0.004
12,58,41,8.2668e+05,-0.225,0.218
12,58,41,8.2672e+05,-0.273,0.294
12,58,41,8.2676e+05,-0.453,-0.464
12,58,41,8.268e+05,-0.315,-0.451
12,58,41,8.2684e+05,-0.321,0.224
12,58,41,8.2687e+05,-0.242,0.372
12,58,41,8.2691e+05,-0.186,-0.396
12,58,41,8.2695e+05,-0.143,0.432
12,58,41,8.2699e+05,0.003,0.15
12,58,41,8.2703e+05,0.268,-0.344
12,58,41,8.2707e+05,0.295,0.186
12,58,41,8.2711e+05,0.125,-0.519
12,58,41,8.2715e+05,0.259,0.479
12,58,41,8.2719e+05,0.026,-0.249
12,58,41,8.2723e+05,-0.098,-0.207
12,58,41,8.2726e+05,-0.22,0.639
12,58,41,8.273e+05,-0.116,0.381
12,58,41,8.2734e+05,0.507,-0.309
12,58,41,8.2738e+05,0.13,-0.302
12,58,41,8.2742e+05,0.02,-0.15
12,58,41,8.2746e+05,-0.021,-0.162
12,58,41,8.275e+05,0.268,-0.171
12,58,41,8.2754e+05,0.056,-0.117
12,58,41,8.2758e+05,-0.168,0.425
12,58,41,8.2762e+05,-0.148,-0.057
12,58,41,8.2766e+05,-0.472,-0.271
12,58,41,8.277e+05,-0.243,0.221
12,58,41,8.2773e+05,-0.256,0.25
12,58,41,8.2777e+05,-0.079,0.377
12,58,41,8.2781e+05,0.001,-0.229
12,58,41,8.2785e+05,-0.338,0.061
12,58,41,8.2789e+05,-0.572,-0.359
12,58,41,8.2793e+05,-0.433,-0.149
12,58,41,8.2797e+05,0.076,0.873
12,58,41,8.2801e+05,-0.018,0.481
12,58,41,8.2805e+05,0.593,-0.407
12,58,41,8.2808e+05,-0.047,-0.349
12,58,41,8.2812e+05,0.178,-0.398
12,58,41,8.2816e+05,-0.152,0.051
12,58,41,8.282e+05,0.143,0.487
12,58,41,8.2824e+05,0.177,-0.361
12,58,41,8.2828e+05,-0.061,0.621
12,58,41,8.2832e+05,0.135,-0.402
12,58,41,8.2836e+05,-0.054,-0.048
12,58,41,8.284e+05,0.034,0.475
12,58,41,8.2844e+05,0.041,-0.659
12,58,41,8.2848e+05,-0.147,0.618
12,58,41,8.2852e+05,-0.02,-0.177
12,58,41,8.2855e+05,0.132,-0.093
12,58,41,8.2859e+05,0.462,0.298
12,58,41,8.2863e+05,0.139,-0.685
12,58,41,8.2867e+05,-0.403,0.262
12,58,41,8.2871e+05,0.016,0.003
12,58,41,8.2875e+05,-0.031,0.086
12,58,41,8.2879e+05,-0.201,0.533
12,58,41,8.2883e+05,-0.066,0.075
12,58,41,8.2887e+05,-0.215,0.263
12,58,41,8.2891e+05,0.174,0.004
12,58,41,8.2894e+05,0.256,-0.388
12,58,41,8.2898e+05,-0.046,-0.255
12,58,41,8.2902e+05,-0.526,0.104
12,58,41,8.2906e+05,-0.127,0.666
12,58,41,8.291e+05,0.355,-0.613
12,58,41,8.2914e+05,-0.093,0.08
12,58,41,8.2918e+05,0.108,0.202
12,58,41,8.2922e+05,0.093,-0.088
12,58,41,8.2926e+05,0.355,0.108
12,58,41,8.293e+05,-0.304,-0.361
12,58,41,8.2934e+05,-0.112,0.234
12,58,41,8.2937e+05,0.16,-0.121
12,58,41,8.2941e+05,0.395,0.48
12,58,41,8.2945e+05,0.115,0.004
12,58,41,8.2949e+05,-0.004,-0.408
12,58,41,8.2953e+05,0.215,0.02
12,58,41,8.2957e+05,-0.18,-0.227
12,58,41,8.2961e+05,0.121,0.326
12,58,41,8.2965e+05,-0.155,0.367
12,58,41,8.2969e+05,0.36,-0.36
12,58,41,8.2973e+05,0.141,-0.329
12,58,41,8.2976e+05,0.133,-0.162
12,58,41,8.298e+05,0.211,-0.121
12,58,41,8.2984e+05,0.088,0.072
12,58,41,8.2988e+05,0.12,0.04
12,58,41,8.2992e+05,0.255,0.001
12,58,41,8.2996e+05,0.216,-0.235
12,58,41,8.3e+05,0.134,0.292
12,58,41,8.3004e+05,0.108,-0.116
12,58,41,8.3008e+05,0.081,-0.008
12,58,41,8.3012e+05,0.099,-0.162
12,58,41,8.3016e+05,0.364,0.05
12,58,41,8.302e+05,0.576,-0.167
12,58,41,8.3023e+05,0.533,0.099
12,58,41,8.3027e+05,0.485,-0.338
12,58,41,8.3031e+05,0.794,-0.233
12,58,41,8.3035e+05,0.843,-0.484
12,58,41,8.3039e+05,0.598,0.148
12,58,41,8.3043e+05,0.789,-0.134
12,58,41,8.3047e+05,0.621,0.05
12,58,41,8.3051e+05,0.485,-0.413
12,58,41,8.3055e+05,-0.217,-0.239
12,58,41,8.3058e+05,-0.145,0.523
12,58,41,8.3062e+05,-0.174,0.302
12,58,41,8.3066e+05,-0.194,0.69
12,58,41,8.307e+05,-0.12,0.14
12,58,41,8.3074e+05,0.168,-0.564
12,58,41,8.3078e+05,-0.306,-0.256
12,58,41,8.3082e+05,0.161,0.003
12,58,41,8.3086e+05,-0.405,0.05
12,58,41,8.309e+05,0.115,0.357
12,58,41,8.3094e+05,0.27,-0.152
12,58,41,8.3098e+05,0.754,-0.356
12,58,41,8.3102e+05,0.525,-0.319
12,58,41,8.3105e+05,0.588,0.585
12,58,41,8.3109e+05,0.482,-0.489
12,58,41,8.3113e+05,0.328,-0.041
12,58,41,8.3117e+05,0.201,0.375
12,58,41,8.3121e+05,0.476,0.066
12,58,41,8.3125e+05,0.228,0.222
12,58,41,8.3129e+05,0.515,-0.331
12,58,41,8.3133e+05,0.4,0.136
12,58,41,8.3137e+05,0.565,0.296
12,58,41,8.3141e+05,0.111,-0.145
12,58,41,8.3144e+05,0.064,0
12,58,41,8.3148e+05,0.266,-0.163
12,58,41,8.3152e+05,0.49,-0.061
12,58,41,8.3156e+05,0.441,-0.423
12,58,41,8.316e+05,-0.04,-0.279
12,58,41,8.3164e+05,0.335,-0.322
12,58,41,8.3168e+05,0.686,-0.117
12,58,41,8.3172e+05,0.732,-0.475
12,58,41,8.3176e+05,0.201,0.201
12,58,41,8.318e+05,-0,0.639
12,58,41,8.3184e+05,-0.238,0.005
12,58,41,8.3187e+05,0.347,0.483
12,58,41,8.3191e+05,0.035,0.383
12,58,41,8.3195e+05,0.069,0.753
12,58,41,8.3199e+05,-0.033,0.541
12,58,41,8.3203e+05,0.474,-0.019
12,58,41,8.3207e+05,0.158,-0.151
12,58,41,8.3211e+05,-0.352,1.024
12,58,41,8.3215e+05,-0.379,-0.095
12,58,41,8.3219e+05,0.058,-1.077
12,58,41,8.3223e+05,-0.19,-0.038
12,58,41,8.3226e+05,-0.378,-0.534
12,58,41,8.323e+05,-0.165,-0.739
12,58,41,8.3234e+05,-0.237,0.508
12,58,41,8.3238e+05,-0.784,-0.435
12,58,41,8.3242e+05,-0.622,0.756
12,58,41,8.3246e+05,-0.666,0.472
12,58,41,8.325e+05,-0.539,-0.542
12,58,41,8.3254e+05,-0.113,0.185
12,58,41,8.3258e+05,0.41,0.304
12,58,41,8.3262e+05,0.441,0.134
12,58,41,8.3266e+05,0.195,0.344
12,58,41,8.327e+05,-0.288,0.12
12,58,41,8.3273e+05,-0.555,-0.059
12,58,41,8.3277e+05,-0.243,0.452
12,58,41,8.3281e+05,-0.225,-0.105
12,58,41,8.3285e+05,-0.412,-0.17
12,58,41,8.3289e+05,-0.158,0.092
12,58,41,8.3293e+05,0.403,-0.718
12,58,41,8.3297e+05,0.057,-0.32
12,58,41,8.3301e+05,-0.153,-0.167
12,58,41,8.3305e+05,-0.671,0.535
12,58,41,8.3308e+05,0.064,0.264
12,58,41,8.3312e+05,0.255,-0.579
12,58,41,8.3316e+05,0.275,0.663
12,58,41,8.332e+05,0.443,-0.003
12,58,41,8.3324e+05,0.402,0.094
12,58,41,8.3328e+05,0.271,0.029
12,58,41,8.3332e+05,0.048,-0.044
12,58,41,8.3336e+05,-0.17,1.011
12,58,41,8.334e+05,-0.275,0.193
12,58,41,8.3344e+05,-0.494,0.576
12,58,41,8.3348e+05,-0.03,0.024
12,58,41,8.3352e+05,-0.035,-0.598
12,58,41,8.3355e+05,-0.321,0.099
12,58,41,8.3359e+05,-0.224,0.219
12,58,41,8.3363e+05,-0.224,0.379
12,58,41,8.3367e+05,-0.033,-0.114
12,58,41,8.3371e+05,-0.327,-0.003
12,58,41,8.3375e+05,-0.285,0.539
12,58,41,8.3379e+05,0.203,-0.242
12,58,41,8.3383e+05,-0.365,0.483
12,58,41,8.3387e+05,0.379,0.128
12,58,41,8.3391e+05,0.099,-0.369
12,58,41,8.3394e+05,0.49,0.126
12,58,41,8.3398e+05,0.26,-0.469
12,58,41,8.3402e+05,-0.297,0.925
12,58,41,8.3406e+05,-0.218,0.136
12,58,41,8.341e+05,-0.35,0.013
12,58,41,8.3414e+05,-0.374,0.462
12,58,41,8.3418e+05,-0.436,-0.358
12,58,41,8.3422e+05,-0.426,0.192
12,58,41,8.3426e+05,-0.161,0.009
12,58,41,8.343e+05,-0.332,0.18
12,58,41,8.3434e+05,-0.863,0.53
12,58,41,8.3437e+05,-0.414,0.469
12,58,41,8.3441e+05,0.195,0.089
12,58,41,8.3445e+05,-0.016,0.103
12,58,41,8.3449e+05,0.265,-0.368
12,58,41,8.3453e+05,0.383,0.055
12,58,41,8.3457e+05,0.504,-0.332
12,58,41,8.3461e+05,0.161,0.431
12,58,41,8.3465e+05,0.315,-0.033
12,58,41,8.3469e+05,-0.263,-0.143
12,58,41,8.3473e+05,-0.162,0.574
12,58,41,8.3476e+05,-0.312,-0.38
12,58,41,8.348e+05,0.026,0.061
12,58,41,8.3484e+05,-0.467,0.404
12,58,41,8.3488e+05,-0.274,0.088
12,58,41,8.3492e+05,-0.457,0.588
12,58,41,8.3496e+05,-0.136,-0.104
12,58,41,8.35e+05,-0.358,-0.095
12,58,41,8.3504e+05,-0.126,1.082
12,58,41,8.3508e+05,-0.619,0.075
12,58,41,8.3512e+05,0.031,-0.296
12,58,41,8.3516e+05,0.061,-0.063
12,58,41,8.352e+05,-0.111,0.561
12,58,41,8.3523e+05,-0.054,0.186
12,58,41,8.3527e+05,0.059,-0.142
12,58,41,8.3531e+05,0.217,-0.124
12,58,41,8.3535e+05,-0.087,0.125
12,58,41,8.3539e+05,-0.241,-0.08
12,58,41,8.3543e+05,0.032,-0.206
12,58,41,8.3547e+05,0.035,-0.087
12,58,41,8.3551e+05,-0.26,0.15
12,58,41,8.3555e+05,-0.107,0.051
12,58,41,8.3558e+05,-0.15,0.078
12,58,41,8.3562e+05,-0.143,0.388
12,58,41,8.3566e+05,-0.098,0.168
12,58,41,8.357e+05,0.351,-0.356
12,58,41,8.3574e+05,0.112,0.159
12,58,41,8.3578e+05,-0.141,0.183
12,58,41,8.3582e+05,0.149,-0.224
12,58,41,8.3586e+05,0.018,0.117
12,58,41,8.359e+05,0.027,-0.385
12,58,41,8.3594e+05,-0.187,0.353
12,58,41,8.3598e+05,-0.348,0.327
12,58,41,8.3602e+05,-0.41,-0.374
12,58,41,8.3605e+05,-0.324,0.233
12,58,41,8.3609e+05,-0.278,-0.127
12,58,41,8.3613e+05,-0.003,0.079
12,58,41,8.3617e+05,0.192,0.064
12,58,41,8.3621e+05,0.235,-0.321
12,58,41,8.3625e+05,0.207,-0.096
12,58,41,8.3629e+05,0.098,-0.308
12,58,41,8.3633e+05,-0.07,-0.112
12,58,41,8.3637e+05,-0.169,0.293
12,58,41,8.3641e+05,0.262,-0.001
12,58,41,8.3644e+05,0.405,0.071
12,58,41,8.3648e+05,0.11,-0.518
12,58,41,8.3652e+05,-0.194,0.026
12,58,41,8.3656e+05,-0.202,0.543
12,58,41,8.366e+05,-0.204,-0.145
12,58,41,8.3664e+05,-0.047,-0.224
12,58,41,8.3668e+05,-0.343,0.019
12,58,41,8.3672e+05,0.138,-0.261
12,58,41,8.3676e+05,0.104,-0.101
12,58,41,8.368e+05,-0.138,-0.195
12,58,41,8.3684e+05,-0.148,-0.252
12,58,41,8.3687e+05,-0.402,0.616
12,58,41,8.3691e+05,-0.129,-0.18
12,58,41,8.3695e+05,-0.228,0.015
12,58,41,8.3699e+05,0.115,-0.031
12,58,41,8.3703e+05,0.152,-0.241
12,58,41,8.3707e+05,-0.303,0.082
12,58,41,8.3711e+05,-0.017,-0.123
12,58,41,8.3715e+05,0.346,0.221
12,58,41,8.3719e+05,0.455,0.283
12,58,41,8.3723e+05,0.089,-0.057
12,58,41,8.3726e+05,-0.004,0.101
12,58,41,8.373e+05,0.084,-0.355
12,58,41,8.3734e+05,-0.007,0.451
12,58,41,8.3738e+05,-0.054,-0.461
12,58,41,8.3742e+05,-0.166,0.082
12,58,41,8.3746e+05,-0.523,0.476
12,58,41,8.375e+05,-0.543,-0.353
12,58,41,8.3754e+05,-0.02,-0.116
12,58,41,8.3758e+05,-0.338,-0.261
12,58,41,8.3762e+05,-0.598,0.222
12,58,41,8.3766e+05,-0.415,1.036
12,58,41,8.377e+05,0.362,-0.65
12,58,41,8.3773e+05,0.325,0.003
12,58,41,8.3777e+05,0.519,1.002
12,58,41,8.3781e+05,0.332,0.051
12,58,41,8.3785e+05,0.625,-0.03
12,58,41,8.3789e+05,0.23,-0.371
12,58,41,8.3793e+05,0.105,0.239
12,58,41,8.3797e+05,-0.597,0.032
12,58,41,8.3801e+05,-0.551,0.512
12,58,41,8.3805e+05,-0.587,0.048
12,58,41,8.3808e+05,-0.534,0.259
12,58,41,8.3812e+05,-0.347,0.172
12,58,41,8.3816e+05,0.205,-0.41
12,58,41,8.382e+05,0.156,-0.132
12,58,41,8.3824e+05,0.096,0.356
12,58,41,8.3828e+05,0.199,-0.664
12,58,41,8.3832e+05,-0.217,-0.114
12,58,41,8.3836e+05,0.067,0.405
12,58,41,8.384e+05,0.114,0.328
12,58,41,8.3844e+05,0.413,-0.035
12,58,41,8.3848e+05,-0.546,0.055
12,58,41,8.3852e+05,-0.108,0.703
12,58,41,8.3855e+05,-0.311,-0.342
12,58,41,8.3859e+05,-0.248,0.583
12,58,41,8.3863e+05,-0.625,0.385
12,58,41,8.3867e+05,-0.28,0.131
12,58,41,8.3871e+05,-0.186,-0.101
12,58,41,8.3875e+05,-0.296,0.114
12,58,41,8.3879e+05,0.122,-0.102
12,58,41,8.3883e+05,0.411,0.134
12,58,41,8.3887e+05,0.65,-0.5
12,58,41,8.3891e+05,0.622,-0.236
12,58,41,8.3894e+05,0.515,0.373
12,58,41,8.3898e+05,0.162,-0.518
12,58,41,8.3902e+05,-0.221,0.345
12,58,41,8.3906e+05,-0.588,0.515
12,58,41,8.391e+05,-0.671,0.44
12,58,41,8.3914e+05,-0.411,0.276
12,58,41,8.3918e+05,-0.282,0.193
12,58,41,8.3922e+05,-0.304,-0.268
12,58,41,8.3926e+05,-0.581,-0.198
12,58,41,8.393e+05,-0.413,-0.129
12,58,41,8.3934e+05,-0.748,0.216
12,58,41,8.3937e+05,-0.55,0.186
12,58,41,8.3941e+05,-0.532,0.168
12,58,41,8.3945e+05,-0.424,0.365
12,58,41,8.3949e+05,-0.054,-0.165
12,58,41,8.3953e+05,-0.076,-0.24
12,58,41,8.3957e+05,-0.192,-0.202
12,58,41,8.3961e+05,-0.283,0.242
12,58,41,8.3965e+05,-0.134,0.396
12,58,41,8.3969e+05,-0.126,-0.234
12,58,41,8.3973e+05,-0.26,0.385
12,58,41,8.3976e+05,0.319,0.008
12,58,41,8.398e+05,0.181,-0.128
12,58,41,8.3984e+05,0.322,0.577
12,58,41,8.3988e+05,-0.132,-0.583
12,58,41,8.3992e+05,0.001,0.156
12,58,41,8.3996e+05,-0.151,-0.418
12,58,41,8.4e+05,-0.356,-0.087
12,58,41,8.4004e+05,-0.383,0.54
12,58,41,8.4008e+05,-0.731,-0.236
12,58,41,8.4012e+05,-0.536,0.1
12,58,41,8.4016e+05,0.092,0.131
12,58,41,8.402e+05,-0.206,-0.429
12,58,41,8.4023e+05,-0.506,0.421
12,58,41,8.4027e+05,-0.144,0.158
12,58,41,8.4031e+05,0.088,-0.406
12,58,41,8.4035e+05,0.424,0.037
12,58,41,8.4039e+05,-0.127,0.137
12,58,41,8.4043e+05,0.07,-0.199
12,58,41,8.4047e+05,0.007,0.082
12,58,41,8.4051e+05,0.029,-0.161
12,58,41,8.4055e+05,-0.199,-0.394
12,58,41,8.4058e+05,-0.049,0.542
12,58,41,8.4062e+05,0.131,-0.048
12,58,41,8.4066e+05,0.145,-0.171
12,58,41,8.407e+05,0.118,-0.271
12,58,41,8.4074e+05,0.038,-0.124
12,58,41,8.4078e+05,-0.013,0.356
12,58,41,8.4082e+05,0.302,-0.26
12,58,41,8.4086e+05,-0.108,0.241
12,58,41,8.409e+05,-0.067,-0.005
12,58,41,8.4094e+05,-0.449,-0.534
12,58,41,8.4098e+05,-0.307,0.642
12,58,41,8.4102e+05,-0.523,0.122
12,58,41,8.4105e+05,-0.492,0.025
12,58,41,8.4109e+05,-0.556,0.18
12,58,41,8.4113e+05,-0.27,-0.271
12,58,41,8.4117e+05,-0.049,-0.162
12,58,41,8.4121e+05,0.027,0.437
12,58,41,8.4125e+05,0.062,-0.777
12,58,41,8.4129e+05,0.107,-0.492
12,58,41,8.4133e+05,0.542,0.376
12,58,41,8.4137e+05,0.347,-0.01
12,58,41,8.4141e+05,0.295,0.185
12,58,41,8.4144e+05,0.11,-0.024
12,58,41,8.4148e+05,0.037,-0.226
12,58,41,8.4152e+05,0.02,-0.032
12,58,41,8.4156e+05,-0.325,-0.214
12,58,41,8.416e+05,-0.196,0.214
12,58,41,8.4164e+05,-0.297,0.294
12,58,41,8.4168e+05,-0.491,-0.239
12,58,41,8.4172e+05,0.095,-0.041
12,58,41,8.4176e+05,0.13,0.189
12,58,41,8.418e+05,-0.03,-0.149
12,58,41,8.4184e+05,-0.111,-0.122
12,58,41,8.4187e+05,0.481,-0.192
12,58,41,8.4191e+05,0.202,-0.314
12,58,41,8.4195e+05,-0.015,1.272
12,58,41,8.4199e+05,0.309,-0.013
12,58,41,8.4203e+05,0.545,-0.203
12,58,41,8.4207e+05,0.71,-0.125
12,58,41,8.4211e+05,0.192,-0.6
12,58,41,8.4215e+05,-0.071,0.303
12,58,41,8.4219e+05,-0.235,-0.399
12,58,41,8.4223e+05,-0.125,0.274
12,58,41,8.4226e+05,0.194,0.421
12,58,41,8.423e+05,-0.018,-0.472
12,58,41,8.4234e+05,-0.029,-0.381
12,58,41,8.4238e+05,-0.067,-0.647
12,58,41,8.4242e+05,0.246,-0.026
12,58,41,8.4246e+05,-0.161,-0.285
12,58,41,8.425e+05,-0.166,0.076
12,58,41,8.4254e+05,-0.021,0.294
12,58,41,8.4258e+05,0.107,0.005
12,58,41,8.4262e+05,0.538,0.022
12,58,41,8.4266e+05,0.168,0.182
12,58,41,8.427e+05,-0.026,-0.254
12,58,41,8.4273e+05,-0.199,0.449
12,58,41,8.4277e+05,0.086,-0.255
12,58,41,8.4281e+05,0.298,-0.057
12,58,41,8.4285e+05,-0.083,0.237
12,58,41,8.4289e+05,-0.05,-0.838
12,58,41,8.4293e+05,-0.104,-0.576
12,58,41,8.4297e+05,-0.464,0.309
12,58,41,8.4301e+05,0.083,-0.744
12,58,41,8.4305e+05,-0.092,-0.005
12,58,41,8.4308e+05,-0.295,0.096
12,58,41,8.4312e+05,-0.689,-0.426
12,58,41,8.4316e+05,-0.313,0.089
12,58,41,8.432e+05,0.157,0.211
12,58,41,8.4324e+05,0.264,0.352
12,58,41,8.4328e+05,0.083,-0.15
12,58,41,8.4332e+05,-0.168,0.28
12,58,41,8.4336e+05,0.243,-0.168
12,58,41,8.434e+05,0.31,-0.363
12,58,41,8.4344e+05,0.232,0.771
12,58,41,8.4348e+05,0.023,0.123
12,58,41,8.4352e+05,-0.205,-0.482
12,58,41,8.4355e+05,-0.014,0.041
12,58,41,8.4359e+05,-0.139,-0.164
12,58,41,8.4363e+05,0.158,-0.423
12,58,41,8.4367e+05,-0.261,-0.229
12,58,41,8.4371e+05,-0.406,0.298
12,58,41,8.4375e+05,-0.365,-0.088
12,58,41,8.4379e+05,0.014,-0.197
12,58,41,8.4383e+05,-0.087,-0.173
12,58,41,8.4387e+05,-0.11,0.37
12,58,41,8.4391e+05,0.002,0.371
12,58,41,8.4394e+05,-0.003,-0.146
12,58,41,8.4398e+05,0.225,0.486
12,58,41,8.4402e+05,0.214,-0.064
12,58,41,8.4406e+05,-0.039,0.767
12,58,41,8.441e+05,-0.073,-0.012
12,58,41,8.4414e+05,-0.302,-0.174
12,58,41,8.4418e+05,-0.076,0.555
12,58,41,8.4422e+05,-0.043,-0.447
12,58,41,8.4426e+05,-0.245,-0.02
12,58,41,8.443e+05,-0.68,0.587
12,58,41,8.4434e+05,-0.148,-0.276
12,58,41,8.4437e+05,-0.038,-0.475
12,58,41,8.4441e+05,0.133,0.122
12,58,41,8.4445e+05,-0.209,-0.332
12,58,41,8.4449e+05,-0.284,0.033
12,58,41,8.4453e+05,-0.22,-0.088
12,58,41,8.4457e+05,-0.051,0.263
12,58,41,8.4461e+05,0.072,0.072
12,58,41,8.4465e+05,-0.029,0.704
12,58,41,8.4469e+05,0.359,-0.062
12,58,41,8.4473e+05,0.271,0.338
12,58,41,8.4476e+05,-0.031,0.202
12,58,41,8.448e+05,0.292,-0.098
12,58,41,8.4484e+05,0.424,0.578
12,58,41,8.4488e+05,0.364,-0.098
12,58,41,8.4492e+05,0.308,-0.453
12,58,41,8.4496e+05,0.112,-0.024
12,58,41,8.45e+05,-0.327,-0.142
12,58,41,8.4504e+05,-0.273,0.534
12,58,41,8.4508e+05,-0.147,-0.104
12,58,41,8.4512e+05,-0.362,-0.147
12,58,41,8.4516e+05,-0.534,0.504
12,58,41,8.452e+05,-0.347,-0.723
12,58,41,8.4523e+05,-0.035,-0.574
12,58,41,8.4527e+05,-0.212,0.421
12,58,41,8.4531e+05,-0.471,0.424
12,58,41,8.4535e+05,-0.309,0.129
12,58,41,8.4539e+05,0.03,0.09
12,58,41,8.4543e+05,0.431,-0.202
12,58,41,8.4547e+05,-0.004,0.053
12,58,41,8.4551e+05,-0.154,-0.029
12,58,41,8.4555e+05,-0.049,-0.544
12,58,41,8.4558e+05,0.017,0.319
12,58,41,8.4562e+05,-0.137,0.3
12,58,41,8.4566e+05,0.029,0.651
12,58,41,8.457e+05,0.313,-0.093
12,58,41,8.4574e+05,-0.138,-0.04
12,58,41,8.4578e+05,0.004,-0.462
12,58,41,8.4582e+05,-0.441,-0.315
12,58,41,8.4586e+05,-0.405,0.145
12,58,41,8.459e+05,-0.709,0.264
12,58,41,8.4594e+05,-0.049,0.054
12,58,41,8.4598e+05,-0.26,0.092
12,58,41,8.4602e+05,0.047,-0.161
12,58,41,8.4605e+05,-0.437,-0.484
12,58,41,8.4609e+05,-0.099,0.141
12,58,41,8.4613e+05,-0.147,-0.044
12,58,41,8.4617e+05,-0.062,0.42
12,58,41,8.4621e+05,-0.042,-0.041
12,58,41,8.4625e+05,0.189,0.154
12,58,41,8.4629e+05,0.253,-0.262
12,58,41,8.4633e+05,-0.074,-0.362
12,58,41,8.4637e+05,-0.363,0.659
12,58,41,8.4641e+05,-0.155,0.077
12,58,41,8.4644e+05,-0.324,0.241
12,58,41,8.4648e+05,-0.244,0.046
12,58,41,8.4652e+05,0.303,-0.055
12,58,41,8.4656e+05,0.433,0.18
12,58,41,8.466e+05,0.213,-0.828
12,58,41,8.4664e+05,-0.161,-0.209
12,58,41,8.4668e+05,-0.238,0.676
12,58,41,8.4672e+05,0.175,-0.166
12,58,41,8.4676e+05,0.224,0.346
12,58,41,8.468e+05,-0.015,-0.05
12,58,41,8.4684e+05,-0.237,0.264
12,58,41,8.4687e+05,0.085,-0.283
12,58,41,8.4691e+05,-0.192,-0.818
12,58,41,8.4695e+05,-0.288,0.78
12,58,41,8.4699e+05,-0.595,0.173
12,58,41,8.4703e+05,-0.488,0.06
12,58,41,8.4707e+05,-0.197,0.415
12,58,41,8.4711e+05,0.338,-0.462
12,58,41,8.4715e+05,0.018,-0.003
12,58,41,8.4719e+05,-0.062,-0.368
12,58,41,8.4723e+05,-0.246,0.054
12,58,41,8.4726e+05,0.199,0.448
12,58,41,8.473e+05,0.092,-0.184
12,58,41,8.4734e+05,0.125,0.526
12,58,41,8.4738e+05,0.162,0.21
12,58,41,8.4742e+05,0.777,-0.318
12,58,41,8.4746e+05,0.587,-0.407
12,58,41,8.475e+05,0.309,-0.077
12,58,41,8.4754e+05,-0.025,-0.304
12,58,41,8.4758e+05,-0.129,0.816
12,58,41,8.4762e+05,0.105,0.323
12,58,41,8.4766e+05,0.067,-0.289
12,58,41,8.477e+05,-0.278,-0.53
12,58,41,8.4773e+05,-0.458,-0.245
12,58,41,8.4777e+05,-0.019,0.101
12,58,41,8.4781e+05,0.166,-0.403
12,58,41,8.4785e+05,0.183,-0.237
12,58,41,8.4789e+05,-0.009,0.023
12,58,41,8.4793e+05,0.198,-0.045
12,58,41,8.4797e+05,0.218,-0.088
12,58,41,8.4801e+05,0.157,-0.32
12,58,41,8.4805e+05,-0.065,0.261
12,58,41,8.4808e+05,-0.148,0.735
12,58,41,8.4812e+05,0.556,-0.564
12,58,41,8.4816e+05,0.632,0.102
12,58,41,8.482e+05,0.063,-0.2
12,58,41,8.4824e+05,-0.185,-0.249
12,58,41,8.4828e+05,0.276,0.415
12,58,41,8.4832e+05,0.075,-0.828
12,58,41,8.4836e+05,0.164,-0.29
12,58,41,8.484e+05,0.118,0.108
12,58,41,8.4844e+05,0.29,-0.43
12,58,41,8.4848e+05,-0.049,-0.881
12,58,41,8.4852e+05,-0.092,-0.405
12,58,41,8.4855e+05,0.048,-0.407
12,58,41,8.4859e+05,0.009,0.134
12,58,41,8.4863e+05,0.123,0.198
12,58,41,8.4867e+05,-0.04,0.015
12,58,41,8.4871e+05,-0.034,-0.106
12,58,41,8.4875e+05,-0.062,-0.028
12,58,41,8.4879e+05,0.303,0.265
12,58,41,8.4883e+05,0.155,0.136
12,58,41,8.4887e+05,0.423,0.407
12,58,41,8.4891e+05,0.176,0.075
12,58,41,8.4894e+05,0.398,-0.075
12,58,41,8.4898e+05,0.572,-0.088
12,58,41,8.4902e+05,0.229,-0.037
12,58,41,8.4906e+05,0.205,-0.378
12,58,41,8.491e+05,0.299,-0.128
12,58,41,8.4914e+05,0.32,-0.49
12,58,41,8.4918e+05,0.277,-0.345
12,58,41,8.4922e+05,-0.086,-0.01
12,58,41,8.4926e+05,0.037,-0.019
12,58,41,8.493e+05,-0.359,0.283
12,58,41,8.4934e+05,-0.386,0.551
12,58,41,8.4937e+05,-0.027,-0.012
12,58,41,8.4941e+05,0.29,0.556
12,58,41,8.4945e+05,0.574,0.273
12,58,41,8.4949e+05,0.334,-0.331
12,58,41,8.4953e+05,0.652,-0.29
12,58,41,8.4957e+05,0.224,0.381
12,58,41,8.4961e+05,-0.43,0.23
12,58,41,8.4965e+05,0.178,0.469
12,58,41,8.4969e+05,0.423,0.408
12,58,41,8.4973e+05,0.188,0.237
12,58,41,8.4976e+05,0.453,-0.337
12,58,41,8.498e+05,-0.507,-0.368
12,58,41,8.4984e+05,0.163,-0.192
12,58,41,8.4988e+05,0.236,0.211
12,58,41,8.4992e+05,0.216,-0.098
12,58,41,8.4996e+05,-0.123,0.839
12,58,41,8.5e+05,-0.188,0.863
12,58,41,8.5004e+05,0.773,-0.938
12,58,41,8.5008e+05,0.229,0.781
12,58,41,8.5012e+05,0.43,-0.205
12,58,41,8.5016e+05,0.119,0.82
12,58,41,8.502e+05,0.664,0.559
12,58,41,8.5023e+05,0.616,-1.11
12,58,41,8.5027e+05,0.616,0.423
12,58,41,8.5031e+05,0.173,0.284
12,58,41,8.5035e+05,-0.093,-0.388
12,58,41,8.5039e+05,-0.227,0.338
12,58,41,8.5043e+05,0.124,0.021
12,58,41,8.5047e+05,-0.126,-0.449
12,58,41,8.5051e+05,-0.379,-0.022
12,58,41,8.5055e+05,-0.473,0.407
12,58,41,8.5058e+05,-0.112,0.014
12,58,41,8.5062e+05,-0.026,-0.833
12,58,41,8.5066e+05,-0.45,0.962
12,58,41,8.507e+05,-0.215,0.099
12,58,41,8.5074e+05,-0.165,0.302
12,58,41,8.5078e+05,0.555,0.752
12,58,41,8.5082e+05,0.222,-0.92
12,58,41,8.5086e+05,0.241,-0.047
12,58,41,8.509e+05,0.062,0.289
12,58,41,8.5094e+05,0.43,-0.263
12,58,41,8.5098e+05,0.277,0.373
12,58,41,8.5102e+05,0.227,0.092
12,58,41,8.5105e+05,-0.099,-0.473
12,58,41,8.5109e+05,0.258,0.345
12,58,41,8.5113e+05,0.179,0.129
12,58,41,8.5117e+05,0.229,-0.231
12,58,41,8.5121e+05,-0.312,0.031
12,58,41,8.5125e+05,-0.233,-0.344
12,58,41,8.5129e+05,-0.676,0.169
12,58,41,8.5133e+05,0.032,0.253
12,58,41,8.5137e+05,-0.252,0.205
12,58,41,8.5141e+05,0.124,0.58
12,58,41,8.5144e+05,-0.091,0.154
12,58,41,8.5148e+05,0.274,0.462
12,58,41,8.5152e+05,0.224,-0.17
12,58,41,8.5156e+05,0.643,0.206
12,58,41,8.516e+05,0.818,0.121
12,58,41,8.5164e+05,0.764,-0.133
12,58,41,8.5168e+05,0.832,-0.324
12,58,41,8.5172e+05,0.33,-0.326
12,58,41,8.5176e+05,-0.072,-0.308
12,58,41,8.518e+05,-0.211,0.529
12,58,41,8.5184e+05,-0.411,0.172
12,58,41,8.5187e+05,-0.543,0.427
12,58,41,8.5191e+05,-0.627,-0.144
12,58,41,8.5195e+05,-0.667,-0.474
12,58,41,8.5199e+05,-0.595,-0.405
12,58,41,8.5203e+05,-0.607,0.071
12,58,41,8.5207e+05,-0.217,0.482
12,58,41,8.5211e+05,-0.455,-0.142
12,58,41,8.5215e+05,0.151,0.34
12,58,41,8.5219e+05,0.482,0.443
12,58,41,8.5223e+05,0.762,0.214
12,58,41,8.5226e+05,0.734,-0.566
12,58,41,8.523e+05,0.464,-0.394
12,58,41,8.5234e+05,0.392,0.22
12,58,41,8.5238e+05,0.095,0.642
12,58,41,8.5242e+05,0.103,-0.177
12,58,41,8.5246e+05,0.076,0.402
12,58,41,8.525e+05,-0.486,0.184
12,58,41,8.5254e+05,-0.291,-0.837
12,58,41,8.5258e+05,-0.647,-0.281
12,58,41,8.5262e+05,-0.202,0.455
12,58,41,8.5266e+05,0.01,0.209
12,58,41,8.527e+05,-0.012,-0.145
12,58,41,8.5273e+05,0.013,-0.223
12,58,41,8.5277e+05,0.026,0.18
12,58,41,8.5281e+05,0.097,-0.13
12,58,41,8.5285e+05,0.336,-0.147
12,58,41,8.5289e+05,-0.276,0.456
12,58,41,8.5293e+05,-0.598,0.285
12,58,41,8.5297e+05,-0.273,0.273
12,58,41,8.5301e+05,0.049,-0.078
12,58,41,8.5305e+05,0.178,0.001
12,58,41,8.5308e+05,-0.367,0.169
12,58,41,8.5312e+05,-0.111,-0.277
12,58,41,8.5316e+05,0.029,-0.439
12,58,41,8.532e+05,0.368,-0.308
12,58,41,8.5324e+05,0.25,0.4
12,58,41,8.5328e+05,-0.023,0.202
12,58,41,8.5332e+05,0.186,-0.481
12,58,41,8.5336e+05,0.481,-0.336
12,58,41,8.534e+05,0.067,-0.001
12,58,41,8.5344e+05,-0.023,-0.291
12,58,41,8.5348e+05,-0.433,0.775
12,58,41,8.5352e+05,-0.434,0.303
12,58,41,8.5355e+05,-0.561,-0.285
12,58,41,8.5359e+05,-0.516,-0.041
12,58,41,8.5363e+05,-0.75,-0.414
12,58,41,8.5367e+05,-0.358,0.702
12,58,41,8.5371e+05,-0.107,-0.099
12,58,41,8.5375e+05,-0.005,-0.425
12,58,41,8.5379e+05,0.122,-0.219
12,58,41,8.5383e+05,0.708,-0.621
12,58,41,8.5387e+05,0.841,-0.113
12,58,41,8.5391e+05,0.682,-0.07
12,58,41,8.5394e+05,0.812,-0.723
12,58,41,8.5398e+05,0.312,-0.064
12,58,41,8.5402e+05,0.389,-0.059
12,58,41,8.5406e+05,0.127,0.05
12,58,41,8.541e+05,-0.023,0.977
12,58,41,8.5414e+05,-0.302,0.014
12,58,41,8.5418e+05,-0.162,-0.145
12,58,41,8.5422e+05,0.073,-0.18
12,58,41,8.5426e+05,-0.431,0.387
12,58,41,8.543e+05,-0.332,0.302
12,58,41,8.5434e+05,-0.196,-0.484
12,58,41,8.5437e+05,0.13,-0.324
12,58,41,8.5441e+05,0.095,-0.109
12,58,41,8.5445e+05,-0.069,-0.641
12,58,41,8.5449e+05,0.088,-0.479
12,58,41,8.5453e+05,0.525,-0.091
12,58,41,8.5457e+05,-0.18,0.094
12,58,41,8.5461e+05,-0.465,0.199
12,58,41,8.5465e+05,-0.183,0.032
12,58,41,8.5469e+05,0.331,0.559
12,58,41,8.5473e+05,0.491,0.259
12,58,41,8.5476e+05,0.297,-0.047
12,58,41,8.548e+05,0.325,-0.275
12,58,41,8.5484e+05,-0.104,0.167
12,58,41,8.5488e+05,-0.2,0.441
12,58,41,8.5492e+05,0.204,-0.091
12,58,41,8.5496e+05,-0.348,-0.003
12,58,41,8.55e+05,0.036,0.101
12,58,41,8.5504e+05,-0.129,-0.183
12,58,41,8.5508e+05,-0.091,-0.605
12,58,41,8.5512e+05,-0.367,-0.531
12,58,41,8.5516e+05,-0.454,0.843
12,58,41,8.552e+05,-0.297,-0.285
12,58,41,8.5523e+05,-0.148,-0.062
12,58,41,8.5527e+05,0.105,0.247
12,58,41,8.5531e+05,0.237,-0.213
12,58,41,8.5535e+05,0.183,0.08
12,58,41,8.5539e+05,-0.057,0.269
12,58,41,8.5543e+05,0.125,0.197
12,58,41,8.5547e+05,0.103,0.577
12,58,41,8.5551e+05,-0.032,-0.421
12,58,41,8.5555e+05,-0.245,0.093
12,58,41,8.5558e+05,0.064,0.535
12,58,41,8.5562e+05,-0.231,-0.469
12,58,41,8.5566e+05,-0.147,-0.014
12,58,41,8.557e+05,-0.467,0.108
12,58,41,8.5574e+05,-0.37,-0.003
12,58,41,8.5578e+05,-0.24,0.167
12,58,41,8.5582e+05,-0.079,0.039
12,58,41,8.5586e+05,-0.256,-0.109
12,58,41,8.559e+05,-0.229,0.082
12,58,41,8.5594e+05,0.144,-0.195
12,58,41,8.5598e+05,0.135,-0.216
12,58,41,8.5602e+05,-0.072,0.097
12,58,41,8.5605e+05,-0.276,0.489
12,58,41,8.5609e+05,-0.007,0.019
12,58,41,8.5613e+05,0.191,-0.052
12,58,41,8.5617e+05,-0.129,0.673
12,58,41,8.5621e+05,-0.201,0.095
12,58,41,8.5625e+05,-0.182,-0.034
12,58,41,8.5629e+05,0.041,-0.31
12,58,41,8.5633e+05,-0.167,0.308
12,58,41,8.5637e+05,0.248,-0.118
12,58,41,8.5641e+05,-0.474,-0.427
12,58,41,8.5644e+05,-0.255,0.522
12,58,41,8.5648e+05,-0.245,-0.059
12,58,41,8.5652e+05,-0.172,0.014
12,58,41,8.5656e+05,-0.784,0.087
12,58,41,8.566e+05,-0.547,0.4
12,58,41,8.5664e+05,0.177,-0.175
12,58,41,8.5668e+05,0.525,-0.055
12,58,41,8.5672e+05,0.39,-0.247
12,58,41,8.5676e+05,0.095,0.496
12,58,41,8.568e+05,0.485,0.006
12,58,41,8.5684e+05,-0.053,-0.651
12,58,41,8.5687e+05,0.112,0.408
12,58,41,8.5691e+05,-0.357,0.691
12,58,41,8.5695e+05,-0.163,-0.182
12,58,41,8.5699e+05,-0.328,0.528
12,58,41,8.5703e+05,-0.371,0.311
12,58,41,8.5707e+05,-0.744,-0.663
12,58,41,8.5711e+05,-0.707,0.55
12,58,41,8.5715e+05,-0.66,0.259
12,58,41,8.5719e+05,-0.052,0.01
12,58,41,8.5723e+05,0.297,0.078
12,58,41,8.5726e+05,0.249,-0.619
12,58,41,8.573e+05,0.31,-0.186
12,58,41,8.5734e+05,0.441,0.049
12,58,41,8.5738e+05,0.2,-0.129
12,58,41,8.5742e+05,0.24,0.073
12,58,41,8.5746e+05,-0.124,0.05
12,58,41,8.575e+05,-0.167,-0.004
12,58,41,8.5754e+05,-0.505,-0.072
12,58,41,8.5758e+05,-0.374,0.433
12,58,41,8.5762e+05,-0.5,-0.287
12,58,41,8.5766e+05,-0.679,-0.354
12,58,41,8.577e+05,-0.95,0.269
12,58,41,8.5773e+05,-0.855,0.567
12,58,41,8.5777e+05,-0.169,-0.069
12,58,41,8.5781e+05,-0.301,-0.058
12,58,41,8.5785e+05,-0.286,0.709
12,58,41,8.5789e+05,-0.026,-0.238
12,58,41,8.5793e+05,0.616,-0.146
12,58,41,8.5797e+05,0.95,-0.405
12,58,41,8.5801e+05,0.698,0.005
12,58,41,8.5805e+05,0.15,-0.263
12,58,41,8.5808e+05,-0.103,-0.296
12,58,41,8.5812e+05,0.473,0.062
12,58,41,8.5816e+05,0.045,0.116
12,58,41,8.582e+05,-0.302,0.171
12,58,41,8.5824e+05,-0.861,-0.085
12,58,41,8.5828e+05,-0.432,0.364
12,58,41,8.5832e+05,-0.399,-0.102
12,58,41,8.5836e+05,-0.404,-0.222
12,58,41,8.584e+05,-0.311,0.522
12,58,41,8.5844e+05,-0.428,0.124
12,58,41,8.5848e+05,-0.434,-0.429
12,58,41,8.5852e+05,0.372,-0.25
12,58,41,8.5855e+05,0.232,-0.003
12,58,41,8.5859e+05,-0.055,0.381
12,58,41,8.5863e+05,0.104,0.008
12,58,41,8.5867e+05,0.353,-0.622
12,58,41,8.5871e+05,0.266,-0.197
12,58,41,8.5875e+05,0.219,0.394
12,58,41,8.5879e+05,-0.152,-0.028
12,58,41,8.5883e+05,-0.262,0.269
12,58,41,8.5887e+05,-0.153,-0.124
12,58,41,8.5891e+05,-0.038,-0.405
12,58,41,8.5894e+05,0.186,0.016
12,58,41,8.5898e+05,-0.333,0.151
12,58,41,8.5902e+05,-0.157,-0.211
12,58,41,8.5906e+05,0.126,-0.259
12,58,41,8.591e+05,0.49,-0.366
12,58,41,8.5914e+05,0.07,-0.242
12,58,41,8.5918e+05,-0.066,0.349
12,58,41,8.5922e+05,-0.003,0.274
12,58,41,8.5926e+05,0.195,-0.838
12,58,41,8.593e+05,-0.046,-0.057
12,58,41,8.5934e+05,-0.545,0.839
12,58,41,8.5937e+05,-0.192,-0.172
12,58,41,8.5941e+05,0.26,0.124
12,58,41,8.5945e+05,0.301,-0.088
12,58,41,8.5949e+05,-0.248,-0.344
12,58,41,8.5953e+05,0.048,0.094
12,58,41,8.5957e+05,0.116,-0.346
12,58,41,8.5961e+05,0.596,-0.363
12,58,41,8.5965e+05,0.128,-0.101
12,58,41,8.5969e+05,0.134,-0.115
12,58,41,8.5973e+05,-0.314,-0.502
12,58,41,8.5976e+05,-0.181,0.382
12,58,41,8.598e+05,-0.232,-0.141
12,58,41,8.5984e+05,-0.16,0.114
12,58,41,8.5988e+05,-0.046,0.192
12,58,41,8.5992e+05,0.24,-0.481
12,58,41,8.5996e+05,0.432,-0.409
12,58,41,8.6e+05,0.34,-0.27
12,58,41,8.6004e+05,0.268,-0.869
12,58,41,8.6008e+05,0.025,0.379
12,58,41,8.6012e+05,-0.154,0.724
12,58,41,8.6016e+05,0.254,-0.496
12,58,41,8.602e+05,0.552,-0.367
12,58,41,8.6023e+05,0.303,-0.371
12,58,41,8.6027e+05,0.032,0.123
12,58,41,8.6031e+05,-0.049,0.146
12,58,41,8.6035e+05,-0.034,-0.838
12,58,41,8.6039e+05,-0.095,-0.123
12,58,41,8.6043e+05,-0.134,0.403
12,58,41,8.6047e+05,-0.4,0.274
12,58,41,8.6051e+05,0.125,0.14
12,58,41,8.6055e+05,0.082,-0.583
12,58,41,8.6058e+05,0.466,-0.042
12,58,41,8.6062e+05,0.087,0.325
12,58,41,8.6066e+05,0.097,-0.177
12,58,41,8.607e+05,0.036,0.1
12,58,41,8.6074e+05,0.438,-0.511
12,58,41,8.6078e+05,0.319,-0.36
12,58,41,8.6082e+05,0.497,0.638
12,58,41,8.6086e+05,0.056,-0.115
12,58,41,8.609e+05,-0.127,-0.133
12,58,41,8.6094e+05,0.216,-0.305
12,58,41,8.6098e+05,0.348,-0.124
12,58,41,8.6102e+05,-0.09,0.368
12,58,41,8.6105e+05,-0.342,0.504
12,58,41,8.6109e+05,-0.246,-0.593
12,58,41,8.6113e+05,-0.215,-0.169
12,58,41,8.6117e+05,0.312,-0.082
12,58,41,8.6121e+05,-0.352,0.229
12,58,41,8.6125e+05,-0.255,0.441
12,58,41,8.6129e+05,0.081,-0.562
12,58,41,8.6133e+05,0.748,-0.147
12,58,41,8.6137e+05,-0.084,0.254
12,58,41,8.6141e+05,-0.081,0.127
12,58,41,8.6144e+05,-0.059,0.439
12,58,41,8.6148e+05,0.202,-0.305
12,58,41,8.6152e+05,0.209,-0.161
12,58,41,8.6156e+05,0.518,0.473
12,58,41,8.616e+05,0.293,-0.246
12,58,41,8.6164e+05,0.075,0.338
12,58,41,8.6168e+05,-0.143,-0.261
12,58,41,8.6172e+05,-0.053,0.251
12,58,41,8.6176e+05,-0.211,0.101
12,58,41,8.618e+05,-0.114,0.317
12,58,41,8.6184e+05,-0.374,0.169
12,58,41,8.6187e+05,-0.169,-0.319
12,58,41,8.6191e+05,0.141,-0.636
12,58,41,8.6195e+05,0.099,0.277
12,58,41,8.6199e+05,0.284,0.143
12,58,41,8.6203e+05,0.136,-0.13
12,58,41,8.6207e+05,0.071,0.14
12,58,41,8.6211e+05,0.052,-0.329
12,58,41,8.6215e+05,-0.319,0.198
12,58,41,8.6219e+05,0.061,0.403
12,58,41,8.6223e+05,-0.077,0.358
12,58,41,8.6226e+05,0.485,0.383
12,58,41,8.623e+05,0.55,-0.561
12,58,41,8.6234e+05,0.024,-0.231
12,58,41,8.6238e+05,0.011,-0.222
12,58,41,8.6242e+05,-0.185,0.435
12,58,41,8.6246e+05,-0.075,0.245
12,58,41,8.625e+05,-0.204,0.402
12,58,41,8.6254e+05,0.069,0.192
12,58,41,8.6258e+05,0.18,-0.81
12,58,41,8.6262e+05,0.165,0.261
12,58,41,8.6266e+05,0.037,0.201
12,58,41,8.627e+05,-0.3,-0.597
12,58,41,8.6273e+05,-0.29,0.702
12,58,41,8.6277e+05,0.119,0.168
12,58,41,8.6281e+05,0.041,-0.074
12,58,41,8.6285e+05,0.159,-0.12
12,58,41,8.6289e+05,0.083,-0.434
12,58,41,8.6293e+05,-0.003,0.189
12,58,41,8.6297e+05,0.537,-0.282
12,58,41,8.6301e+05,0.44,-0.092
12,58,41,8.6305e+05,0.196,0.506
12,58,41,8.6308e+05,0.017,-0.304
12,58,41,8.6312e+05,0.382,0.206
12,58,41,8.6316e+05,0.233,0.034
12,58,41,8.632e+05,-0.3,0.295
12,58,41,8.6324e+05,-0.576,0.576
12,58,41,8.6328e+05,-0.529,-0.267
12,58,41,8.6332e+05,-0.376,0.314
12,58,41,8.6336e+05,-0.09,1.122
12,58,41,8.634e+05,-0.042,0.289
12,58,41,8.6344e+05,-0.259,-0.216
12,58,41,8.6348e+05,-0.033,0.343
12,58,41,8.6352e+05,0.634,-0.605
12,58,41,8.6355e+05,0.34,-0.298
12,58,41,8.6359e+05,-0.091,0.424
12,58,41,8.6363e+05,-0.085,-0.352
12,58,41,8.6367e+05,0.356,0.171
12,58,41,8.6371e+05,0.292,-0.211
12,58,41,8.6375e+05,0.135,-0.431
12,58,41,8.6379e+05,0.009,0.385
12,58,41,8.6383e+05,0.102,0.239
12,58,41,8.6387e+05,0.378,-0.285
12,58,41,8.6391e+05,0.408,0.367
12,58,41,8.6394e+05,-0.159,-0.198
12,58,41,8.6398e+05,-0.158,0.092
12,58,41,8.6402e+05,0.359,0.675
12,58,41,8.6406e+05,0.06,-0.162
12,58,41,8.641e+05,0.079,0.667
12,58,41,8.6414e+05,0.286,0.592
12,58,41,8.6418e+05,0.275,-0.197
12,58,41,8.6422e+05,0.458,0.066
12,58,41,8.6426e+05,0.321,-0.606
12,58,41,8.643e+05,-0.099,-0.222
12,58,41,8.6434e+05,0.087,0.31
12,58,41,8.6437e+05,0.354,-0.129
12,58,41,8.6441e+05,0.645,-0.231
12,58,41,8.6445e+05,0.187,-0.145
12,58,41,8.6449e+05,0.289,-0.16
12,58,41,8.6453e+05,0.102,-0.395
12,58,41,8.6457e+05,0.183,0.164
12,58,41,8.6461e+05,-0.127,0.307
12,58,41,8.6465e+05,0.098,0.747
12,58,41,8.6469e+05,0.293,0.59
12,58,41,8.6473e+05,0.732,0.309
12,58,41,8.6476e+05,0.357,-0.537
12,58,41,8.648e+05,-0.051,-0.149
12,58,41,8.6484e+05,0.14,0.468
12,58,41,8.6488e+05,0.219,0.599
12,58,41,8.6492e+05,0.242,0.371
12,58,41,8.6496e+05,0.017,0.055
12,58,41,8.65e+05,0.096,-0.46
12,58,41,8.6504e+05,0.31,-0.645
12,58,41,8.6508e+05,-0.04,-0.212
12,58,41,8.6512e+05,-0.374,0.088
12,58,41,8.6516e+05,-0.524,-0.119
12,58,41,8.652e+05,-0.148,-0.417
12,58,41,8.6523e+05,0.185,-0.027
12,58,41,8.6527e+05,-0.273,-0.124
12,58,41,8.6531e+05,0.008,-0.076
12,58,41,8.6535e+05,-0.047,-0.097
12,58,41,8.6539e+05,-0.06,0.175
12,58,41,8.6543e+05,-0.007,0.251
12,58,41,8.6547e+05,-0.275,0.41
12,58,41,8.6551e+05,-0.299,0.764
12,58,41,8.6555e+05,-0.102,0.134
12,58,41,8.6558e+05,0.244,-0.274
12,58,41,8.6562e+05,0,-0.402
12,58,41,8.6566e+05,-0.316,0.273
12,58,41,8.657e+05,-0.324,-0.326
12,58,41,8.6574e+05,-0.204,-0.178
12,58,41,8.6578e+05,-0.277,-0.618
12,58,41,8.6582e+05,-0.503,0.263
12,58,41,8.6586e+05,-0.253,0.048
12,58,41,8.659e+05,-0.242,-0.252
12,58,41,8.6594e+05,0.084,-0.211
12,58,41,8.6598e+05,-0.181,0.239
12,58,41,8.6602e+05,0.834,0.222
12,58,41,8.6605e+05,0.488,-0.017
12,58,41,8.6609e+05,1.158,0.282
12,58,41,8.6613e+05,0.199,-0.054
12,58,41,8.6617e+05,0.417,-0.555
12,58,41,8.6621e+05,-0.169,-0.489
12,58,41,8.6625e+05,-0.046,0.211
12,58,41,8.6629e+05,-0.618,0.463
12,58,41,8.6633e+05,0.179,0.83
12,58,41,8.6637e+05,-0.041,-0.215
12,58,41,8.6641e+05,0.667,0.162
12,58,41,8.6644e+05,0.261,-0.431
12,58,41,8.6648e+05,0.913,0.182
12,58,41,8.6652e+05,0.618,-0.566
12,58,41,8.6656e+05,0.492,-0.073
12,58,41,8.666e+05,0.198,-0.147
12,58,41,8.6664e+05,-0.113,-0.298
12,58,41,8.6668e+05,-0.064,0.618
12,58,41,8.6672e+05,-0.248,0.797
12,58,41,8.6676e+05,-0.158,0.355
12,58,41,8.668e+05,-0.233,0.168
12,58,41,8.6684e+05,-0.433,-0.373
12,58,41,8.6687e+05,-0.542,-0.665
12,58,41,8.6691e+05,-0.7,0.443
12,58,41,8.6695e+05,-0.29,0.265
12,58,41,8.6699e+05,-0.208,0.209
12,58,41,8.6703e+05,0.013,0.273
12,58,41,8.6707e+05,0.327,-0.449
12,58,41,8.6711e+05,0.414,0.188
12,58,41,8.6715e+05,0.263,0.004
12,58,41,8.6719e+05,0.121,-0.26
12,58,41,8.6723e+05,0.035,0.751
12,58,41,8.6726e+05,0.009,0.106
12,58,41,8.673e+05,0.2,0.018
12,58,41,8.6734e+05,0.212,0.484
12,58,41,8.6738e+05,-0.201,-0.533
12,58,41,8.6742e+05,-0.305,-0.317
12,58,41,8.6746e+05,0.419,0.024
12,58,41,8.675e+05,0.23,0.42
12,58,41,8.6754e+05,0.581,-0.044
12,58,41,8.6758e+05,-0.04,-0.157
12,58,41,8.6762e+05,0.175,-0.32
12,58,41,8.6766e+05,-0.38,-0.184
12,58,41,8.677e+05,-0.191,0.52
12,58,41,8.6773e+05,-0.792,-0.018
12,58,41,8.6777e+05,-0.772,0.647
12,58,41,8.6781e+05,-0.796,0.345
12,58,41,8.6785e+05,-0.687,0.011
12,58,41,8.6789e+05,-0.364,0.541
12,58,41,8.6793e+05,-0.363,0.294
12,58,41,8.6797e+05,-0.276,0.906
12,58,41,8.6801e+05,0.178,0.356
12,58,41,8.6805e+05,0.167,-0.933
12,58,41,8.6808e+05,0.667,0.283
12,58,41,8.6812e+05,0.364,-0.198
12,58,41,8.6816e+05,-0.035,-0.383
12,58,41,8.682e+05,-0.307,0.521
12,58,41,8.6824e+05,-0.113,-0.167
12,58,41,8.6828e+05,-0.089,-0.03
12,58,41,8.6832e+05,-0.304,0.684
12,58,41,8.6836e+05,0.122,-0.621
12,58,41,8.684e+05,-0.234,0.428
12,58,41,8.6844e+05,0.112,0.029
12,58,41,8.6848e+05,0.262,-0.303
12,58,41,8.6852e+05,0.15,0.682
12,58,41,8.6855e+05,-0.158,0.221
12,58,41,8.6859e+05,-0.352,0.396
12,58,41,8.6863e+05,0.031,-0.314
12,58,41,8.6867e+05,-0.38,0.126
12,58,41,8.6871e+05,-0.71,0.59
12,58,41,8.6875e+05,-0.523,-0.317
12,58,41,8.6879e+05,-0.666,0.222
12,58,41,8.6883e+05,-0.226,0.115
12,58,41,8.6887e+05,-0.354,-0.314
12,58,41,8.6891e+05,-0.418,0.577
12,58,41,8.6894e+05,-0.417,0.186
12,58,41,8.6898e+05,-0.542,0.117
12,58,41,8.6902e+05,0.153,-0.089
12,58,41,8.6906e+05,0.099,-0.441
12,58,41,8.691e+05,-0.027,0.877
12,58,41,8.6914e+05,0.306,-0.003
12,58,41,8.6918e+05,-0.336,-0.287
12,58,41,8.6922e+05,-0.462,-0.243
12,58,41,8.6926e+05,-0.699,0.578
12,58,41,8.693e+05,-0.091,0.88
12,58,41,8.6934e+05,-0.45,-0.268
12,58,41,8.6937e+05,-0.301,0.152
12,58,41,8.6941e+05,-0.418,-0.179
12,58,41,8.6945e+05,-0.318,0.14
12,58,41,8.6949e+05,-0.476,0.589
12,58,41,8.6953e+05,0.198,0.674
12,58,41,8.6957e+05,-0.109,-0.077
12,58,41,8.6961e+05,0.417,0.13
12,58,41,8.6965e+05,0.727,-0.039
12,58,41,8.6969e+05,0.495,-0.281
12,58,41,8.6973e+05,0.257,0.086
12,58,41,8.6976e+05,0.245,0.081
12,58,41,8.698e+05,-0.237,-0.356
12,58,41,8.6984e+05,-0.59,0.685
12,58,41,8.6988e+05,-0.795,0.415
12,58,41,8.6992e+05,-0.809,0.025
12,58,41,8.6996e+05,-0.699,0.458
12,58,41,8.7e+05,-0.171,-0.507
12,58,41,8.7004e+05,-0.498,-0.616
12,58,41,8.7008e+05,-0.281,0.245
12,58,41,8.7012e+05,-0.468,-0.191
12,58,41,8.7016e+05,0.197,0.066
12,58,41,8.702e+05,0.096,0.251
12,58,41,8.7023e+05,0.51,0.027
12,58,41,8.7027e+05,0.768,-0.132
12,58,41,8.7031e+05,0.668,0.204
12,58,41,8.7035e+05,0.339,-0.19
12,58,41,8.7039e+05,-0.196,0.126
12,58,41,8.7043e+05,-0.056,0.331
12,58,41,8.7047e+05,-0.036,0.617
12,58,41,8.7051e+05,-0.06,0.57
12,58,41,8.7055e+05,-0.414,-0.121
12,58,41,8.7058e+05,-0.45,-0.609
12,58,41,8.7062e+05,-0.736,-0.532
12,58,41,8.7066e+05,-0.566,-0.163
12,58,41,8.707e+05,-0.735,0.052
12,58,41,8.7074e+05,-0.719,0.002
12,58,41,8.7078e+05,-0.526,-0.024
12,58,41,8.7082e+05,0.243,-0.543
12,58,41,8.7086e+05,0.217,-0.59
12,58,41,8.709e+05,0.289,-0.13
12,58,41,8.7094e+05,0.411,-0.092
12,58,41,8.7098e+05,0.773,-0.168
12,58,41,8.7102e+05,0.661,-0.117
12,58,41,8.7105e+05,0.385,0.382
12,58,41,8.7109e+05,-0.191,0.596
12,58,41,8.7113e+05,0.012,0.18
12,58,41,8.7117e+05,-0.121,-0.239
12,58,41,8.7121e+05,-0.138,0.179
12,58,41,8.7125e+05,-0.358,-0.162
12,58,41,8.7129e+05,0.072,-0.296
12,58,41,8.7133e+05,0.043,0.048
12,58,41,8.7137e+05,0.471,-0.176
12,58,41,8.7141e+05,0.285,-0.483
12,58,41,8.7144e+05,-0.011,-0.102
12,58,41,8.7148e+05,-0.378,-0.285
12,58,41,8.7152e+05,-0.272,-0.116
12,58,41,8.7156e+05,-0.24,-0.511
12,58,41,8.716e+05,-0.11,0.618
12,58,41,8.7164e+05,-0.048,0.505
12,58,41,8.7168e+05,-0.248,-0.457
12,58,41,8.7172e+05,-0.175,0.002
12,58,41,8.7176e+05,-0.13,-0.047
12,58,41,8.718e+05,-0.14,-0.125
12,58,41,8.7184e+05,-0.403,0.556
12,58,41,8.7187e+05,-0.388,0.749
12,58,41,8.7191e+05,0.813,-0.703
12,58,41,8.7195e+05,1.015,-0.465
12,58,41,8.7199e+05,0.741,-0.138
12,58,41,8.7203e+05,0.022,-0.417
12,58,41,8.7207e+05,0.155,0.279
12,58,41,8.7211e+05,0.315,-0.183
12,58,41,8.7215e+05,-0.044,0.085
12,58,41,8.7219e+05,-0.306,0.794
12,58,41,8.7223e+05,-0.481,-0.332
12,58,41,8.7226e+05,-0.401,-0.213
12,58,41,8.723e+05,0.074,0.048
12,58,41,8.7234e+05,-0.347,-0.069
12,58,41,8.7238e+05,-0.37,0.177
12,58,41,8.7242e+05,-0.14,0.039
12,58,41,8.7246e+05,0.223,0.089
12,58,41,8.725e+05,0.233,-0.449
12,58,41,8.7254e+05,0.241,-0.035
12,58,41,8.7258e+05,-0.278,0.06
12,58,41,8.7262e+05,0.06,0.017
12,58,41,8.7266e+05,0.032,-0.137
12,58,41,8.727e+05,-0.19,-0.383
12,58,41,8.7273e+05,-0.781,0.248
12,58,41,8.7277e+05,-0.166,0.788
12,58,41,8.7281e+05,-0.171,-0.476
12,58,41,8.7285e+05,-0.289,-0.132
12,58,41,8.7289e+05,-0.055,0.353
12,58,41,8.7293e+05,0.061,-0.106
12,58,41,8.7297e+05,0.419,0.33
12,58,41,8.7301e+05,0.617,0.251
12,58,41,8.7305e+05,0.252,-0.556
12,58,41,8.7308e+05,0.044,-0.151
12,58,41,8.7312e+05,-0.056,0.094
12,58,41,8.7316e+05,0.075,-0.138
12,58,41,8.732e+05,-0.398,0.286
12,58,41,8.7324e+05,-0.198,0.196
12,58,41,8.7328e+05,-0.503,-0.06
12,58,41,8.7332e+05,-0.391,0.127
12,58,41,8.7336e+05,-0.088,-0.147
12,58,41,8.734e+05,0.049,0.294
12,58,41,8.7344e+05,-0.319,0.201
12,58,41,8.7348e+05,-0.439,0.004
12,58,41,8.7352e+05,0.116,-0.309
12,58,41,8.7355e+05,0.279,-0.113
12,58,41,8.7359e+05,-0.235,0.423
12,58,41,8.7363e+05,-0.464,0.243
12,58,41,8.7367e+05,-0.101,0.136
12,58,41,8.7371e+05,0.313,-0.326
12,58,41,8.7375e+05,0.175,-0.01
12,58,41,8.7379e+05,0.2,-0.137
12,58,41,8.7383e+05,-0.017,-0.038
12,58,41,8.7387e+05,0.092,0.239
12,58,41,8.7391e+05,0.133,-0.234
12,58,41,8.7394e+05,-0.052,0.439
12,58,41,8.7398e+05,-0.293,0.314
12,58,41,8.7402e+05,-0.4,0.38
12,58,41,8.7406e+05,-0.059,0.051
12,58,41,8.741e+05,-0.137,-0.246
12,58,41,8.7414e+05,-0.398,0.112
12,58,41,8.7418e+05,-0.618,0.707
12,58,41,8.7422e+05,0.026,-0.006
12,58,41,8.7426e+05,-0.116,-0.363
12,58,41,8.743e+05,0.44,0.327
12,58,41,8.7434e+05,0.383,-0.297
12,58,41,8.7437e+05,0.297,0.253
12,58,41,8.7441e+05,0.484,-0.464
12,58,41,8.7445e+05,-0.091,-0.521
12,58,41,8.7449e+05,-0.352,0.288
12,58,41,8.7453e+05,-0.035,0.209
12,58,41,8.7457e+05,0.155,0.109
12,58,41,8.7461e+05,0.055,-0.035
12,58,41,8.7465e+05,0.091,0.197
12,58,41,8.7469e+05,-0.187,0.124
12,58,41,8.7473e+05,0.026,-0.278
12,58,41,8.7476e+05,-0.28,0.485
12,58,41,8.748e+05,-0.065,0.005
12,58,41,8.7484e+05,-0.05,0.17
12,58,41,8.7488e+05,0.241,0.278
12,58,41,8.7492e+05,0.197,-0.372
12,58,41,8.7496e+05,0.412,0.307
12,58,41,8.75e+05,-0.521,-0.336
