14,35,29,65664,1.278,-0.741
14,35,29,65703,1.513,-0.092
14,35,29,65742,1.474,-0.049
14,35,29,65781,2.134,-0.69
14,35,29,65820,1.332,0.766
14,35,29,65859,1.259,-0.671
14,35,29,65898,0.736,-0.223
14,35,29,65937,0.511,0.471
14,35,29,65976,0.746,-0.972
14,35,29,66015,-0.448,0.974
14,35,29,66054,-0.384,0.409
14,35,29,66093,0.335,-1.296
14,35,29,66132,-0.651,1.455
14,35,29,66171,0.569,-0.122
14,35,29,66210,-0.659,0.114
14,35,29,66249,-0.177,0.468
14,35,29,66289,-0.629,-1.141
14,35,29,66328,-1.39,2.32
14,35,29,66367,-0.64,-1.354
14,35,29,66406,-1.45,0.502
14,35,29,66445,-1.156,1.389
14,35,29,66484,-0.638,-1.8
14,35,29,66523,-0.463,1.642
14,35,29,66562,0.224,-0.3
14,35,29,66601,0.848,-0.283
14,35,29,66640,0.349,0.698
14,35,29,66679,0.536,-0.917
14,35,29,66718,0.07,0.814
14,35,29,66757,-0.042,-0.215
14,35,29,66796,-0.055,-0.504
14,35,29,66835,-0.826,0.826
14,35,29,66874,-0.575,-0.6
14,35,29,66914,-0.387,-0.242
14,35,29,66953,-0.323,0.336
14,35,29,66992,0.735,-0.879
14,35,29,67031,-0.354,0.349
14,35,29,67070,0.354,-0.159
14,35,29,67109,-0.084,-0.861
14,35,29,67148,-0.635,0.998
14,35,29,67187,-0.349,-0.945
14,35,29,67226,-1.023,0.063
14,35,29,67265,-1.025,0.764
14,35,29,67304,-0.872,-0.77
14,35,29,67343,-0.542,0.249
14,35,29,67382,-0.174,-0.559
14,35,29,67421,0.181,-0.202
14,35,29,67460,-0.258,0.412
14,35,29,67499,-0.552,-0.311
14,35,29,67539,-0.302,-0.316
14,35,29,67578,-0.269,0.176
14,35,29,67617,-0.113,0.126
14,35,29,67656,-0.708,0.318
14,35,29,67695,0.384,-0.679
14,35,29,67734,0.32,0.005
14,35,29,67773,0.788,0.365
14,35,29,67812,1.104,-0.469
14,35,29,67851,0.63,0.756
14,35,29,67890,0.88,-0.312
14,35,29,67929,0.345,-0.42
14,35,29,67968,-0.06,-0.09
14,35,29,68007,-0.535,-0.401
14,35,29,68046,-1.136,0.392
14,35,29,68085,-1.332,-0.225
14,35,29,68124,-1.169,-0.669
14,35,29,68164,-1.42,0.337
14,35,29,68203,-0.965,0.21
14,35,29,68242,-0.917,0.129
14,35,29,68281,-0.154,-0.419
14,35,29,68320,-0.189,-0.194
14,35,29,68359,0.409,0.215
14,35,29,68398,0.391,-0.699
14,35,29,68437,1.103,0.446
14,35,29,68476,0.615,-0.277
14,35,29,68515,0.381,-0.205
14,35,29,68554,0.132,-0.403
14,35,29,68593,-0.09,0.086
14,35,29,68632,-0.012,0.558
14,35,29,68671,-0.57,-0.439
14,35,29,68710,-0.728,0.121
14,35,29,68749,-0.349,-0.043
14,35,29,68789,0.116,-0.011
14,35,29,68828,-0.122,0.494
14,35,29,68867,0.313,-0.57
14,35,29,68906,-0.766,0.392
14,35,29,68945,-0.153,0.196
14,35,29,68984,-0.448,-0.836
14,35,29,69023,-0.329,0.801
14,35,29,69062,-0.394,-0.461
14,35,29,69101,-0.435,0.062
14,35,29,69140,-0.406,-0.002
14,35,29,69179,0.706,-0.948
14,35,29,69218,0.091,0.671
14,35,29,69257,0.482,-0.239
14,35,29,69296,-0.152,-0.145
14,35,29,69335,0.047,0.626
14,35,29,69374,-0.035,-0.886
14,35,29,69414,-0.333,0.582
14,35,29,69453,-0.291,-0.303
14,35,29,69492,-0.337,0.253
14,35,29,69531,-0.14,-0.003
14,35,29,69570,0.016,-0.704
14,35,29,69609,0.8,-0.222
14,35,29,69648,0.175,0.149
14,35,29,69687,1.265,-0.362
14,35,29,69726,0.019,-0.386
14,35,29,69765,1.043,0.165
14,35,29,69804,0.009,0.051
14,35,29,69843,0.701,0.626
14,35,29,69882,0.187,-0.622
14,35,29,69921,0.717,0.773
14,35,29,69960,-0.059,0.042
14,35,29,69999,0.759,-0.05
14,35,29,70039,0.258,0.007
14,35,29,70078,0.582,0.647
14,35,29,70117,0.546,-0.389
14,35,29,70156,-0.018,0.091
14,35,29,70195,0.168,0.6
14,35,29,70234,-0.031,-0.04
14,35,29,70273,0.444,-0.119
14,35,29,70312,-0.068,0.108
14,35,29,70351,0.563,0.219
14,35,29,70390,0.045,0.331
14,35,29,70429,0.886,0.457
14,35,29,70468,0.406,-0.411
14,35,29,70507,0.724,0.541
14,35,29,70546,0.173,0.184
14,35,29,70585,0.115,0.477
14,35,29,70624,0.103,-0.148
14,35,29,70664,0.21,0.066
14,35,29,70703,0.001,0.458
14,35,29,70742,-0.098,-0.251
14,35,29,70781,0.147,-0.03
14,35,29,70820,0.625,-0.032
14,35,29,70859,0.749,-0.12
14,35,29,70898,0.179,0.356
14,35,29,70937,0.608,0.014
14,35,29,70976,0.153,0.26
14,35,29,71015,0.767,-0.208
14,35,29,71054,0.296,-0.618
14,35,29,71093,0.417,0.482
14,35,29,71132,0.34,-0.324
14,35,29,71171,0.528,-0.152
14,35,29,71210,0.849,-0.654
14,35,29,71249,0.776,-0.102
14,35,29,71289,0.448,0.54
14,35,29,71328,0.181,-0.412
14,35,29,71367,0.044,-0.016
14,35,29,71406,0.027,0
14,35,29,71445,0.183,-0.184
14,35,29,71484,0.082,0.008
14,35,29,71523,0.237,-0.262
14,35,29,71562,0.462,-0.126
14,35,29,71601,0.221,-0.059
14,35,29,71640,0.207,-0.075
14,35,29,71679,-0.538,0.3
14,35,29,71718,-0.494,0.004
14,35,29,71757,-0.634,-0.303
14,35,29,71796,-1.136,0.429
14,35,29,71835,-0.85,-0.299
14,35,29,71874,-0.432,-0.09
14,35,29,71914,-0.28,0.116
14,35,29,71953,0.064,-0.572
14,35,29,71992,0.281,-0.671
14,35,29,72031,-0.009,0.647
14,35,29,72070,0.353,-0.178
14,35,29,72109,-0.615,0.271
14,35,29,72148,0.029,0.138
14,35,29,72187,-0.297,-0.26
14,35,29,72226,-0.251,0.29
14,35,29,72265,-0.445,-0.476
14,35,29,72304,-0.085,0.664
14,35,29,72343,0.491,-1.001
14,35,29,72382,0.091,-0.174
14,35,29,72421,0.133,0.234
14,35,29,72460,0.072,-0.4
14,35,29,72499,-0.152,0.836
14,35,29,72539,0.297,-0.943
14,35,29,72578,-0.262,0.521
14,35,29,72617,-0.243,0.522
14,35,29,72656,-0.084,-0.31
14,35,29,72695,-0.153,0.841
14,35,29,72734,0.217,-0.444
14,35,29,72773,0.13,-0.26
14,35,29,72812,0.245,0.28
14,35,29,72851,0.204,-0.499
14,35,29,72890,0.25,0.066
14,35,29,72929,-0.657,-0.32
14,35,29,72968,-0.323,-0.423
14,35,29,73007,-1.069,0.147
14,35,29,73046,-0.871,-0.112
14,35,29,73085,-1.091,-0.264
14,35,29,73124,-0.91,0.143
14,35,29,73164,-0.468,-0.413
14,35,29,73203,-0.041,-0.376
14,35,29,73242,0.218,-0.177
14,35,29,73281,0.692,-0.118
14,35,29,73320,0.903,-0.052
14,35,29,73359,0.967,0.076
14,35,29,73398,1.076,-0.586
14,35,29,73437,1.042,-0.437
14,35,29,73476,0.847,-0.226
14,35,29,73515,0.71,-0.232
14,35,29,73554,0.231,0.159
14,35,29,73593,0.219,-0.42
14,35,29,73632,0.019,-0.028
14,35,29,73671,0.496,0.202
14,35,29,73710,0.794,-0.692
14,35,29,73749,0.984,-0.1
14,35,29,73789,0.97,-0.009
14,35,29,73828,1.193,-0.676
14,35,29,73867,0.76,0.043
14,35,29,73906,0.549,0.015
14,35,29,73945,0.177,-0.21
14,35,29,73984,-0.48,0.227
14,35,29,74023,-0.578,-0.244
14,35,29,74062,-0.802,0.486
14,35,29,74101,-0.346,0.063
14,35,29,74140,-0.211,0.032
14,35,29,74179,-0.292,0.476
14,35,29,74218,0.161,-0.481
14,35,29,74257,-0.271,0.478
14,35,29,74296,0.271,-0.154
14,35,29,74335,-0.557,0.022
14,35,29,74374,-0.703,0.629
14,35,29,74414,-0.933,-0.203
14,35,29,74453,-0.808,0.376
14,35,29,74492,-0.421,-0.389
14,35,29,74531,-0.09,-0.272
14,35,29,74570,0.033,0.497
14,35,29,74609,0.46,-0.04
14,35,29,74648,0.171,0.186
14,35,29,74687,0.649,-0.334
14,35,29,74726,0.378,-0.06
14,35,29,74765,0.196,0.856
14,35,29,74804,-0.343,-0.134
14,35,29,74843,-0.026,0.028
14,35,29,74882,0.285,-0.372
14,35,29,74921,0.138,0.443
14,35,29,74960,0.385,-0.117
14,35,29,74999,0.325,0.011
14,35,29,75039,1.231,0.557
14,35,29,75078,0.934,-0.467
14,35,29,75117,1.401,0.268
14,35,29,75156,0.603,0.11
14,35,29,75195,1.325,0.286
14,35,29,75234,0.79,-0.228
14,35,29,75273,0.411,0.147
14,35,29,75312,0.296,-0.24
14,35,29,75351,-0.308,0.407
14,35,29,75390,0.251,-0.211
14,35,29,75429,-0.191,-0.575
14,35,29,75468,0.211,0.206
14,35,29,75507,0.14,0.098
14,35,29,75546,0.401,0.19
14,35,29,75585,0.264,-0.013
14,35,29,75624,0.787,-0.136
14,35,29,75664,0.282,0.569
14,35,29,75703,0.666,-0.141
14,35,29,75742,-0.209,0.249
14,35,29,75781,0.128,0.786
14,35,29,75820,0.095,-1.133
14,35,29,75859,-0.297,0.896
14,35,29,75898,-0.515,-0.235
14,35,29,75937,-0.839,0.004
14,35,29,75976,-0.923,0.45
14,35,29,76015,-0.927,-0.944
14,35,29,76054,-1.103,0.368
14,35,29,76093,-1.418,0.053
14,35,29,76132,-1.388,-0.149
14,35,29,76171,-1.702,0.313
14,35,29,76210,-0.912,-0.671
14,35,29,76249,-1.033,0.305
14,35,29,76289,-0.802,-0.047
14,35,29,76328,-0.712,-0.202
14,35,29,76367,-0.671,0.679
14,35,29,76406,-0.387,-0.571
14,35,29,76445,-0.108,0.174
14,35,29,76484,0.009,0.377
14,35,29,76523,0.073,-0.03
14,35,29,76562,0.401,-0.171
14,35,29,76601,0.297,0.079
14,35,29,76640,0.551,0.192
14,35,29,76679,0.584,-0.1
14,35,29,76718,0.399,-0.025
14,35,29,76757,-0.037,-0.012
14,35,29,76796,0.128,-0.343
14,35,29,76835,-0.46,0.428
14,35,29,76874,0.116,0.034
14,35,29,76914,-0.522,-0.313
14,35,29,76953,-0.359,0.893
14,35,29,76992,-0.67,-0.086
14,35,29,77031,-0.397,0.453
14,35,29,77070,-0.61,-0.325
14,35,29,77109,-0.281,0.364
14,35,29,77148,-0.641,-0.034
14,35,29,77187,-0.37,0.11
14,35,29,77226,-0.181,0.136
14,35,29,77265,0.42,-0.498
14,35,29,77304,0.384,0.235
14,35,29,77343,0.716,-0.09
14,35,29,77382,1.124,0.169
14,35,29,77421,1.036,0.107
14,35,29,77460,0.893,-0.097
14,35,29,77499,0.903,0.371
14,35,29,77539,0.399,0.176
14,35,29,77578,0.282,0.396
14,35,29,77617,0.036,-0.109
14,35,29,77656,-0.297,0.278
14,35,29,77695,0.012,-0.47
14,35,29,77734,-0.358,0.046
14,35,29,77773,0.008,0.509
14,35,29,77812,-0.309,-0.748
14,35,29,77851,-0.028,0.269
14,35,29,77890,-0.47,-0.069
14,35,29,77929,0.089,-0.086
14,35,29,77968,-0.903,0.202
14,35,29,78007,-0.14,0.391
14,35,29,78046,0.098,-1.044
14,35,29,78085,-0.48,0.871
14,35,29,78124,-0.529,0.213
14,35,29,78164,-0.543,-0.414
14,35,29,78203,-0.711,1.487
14,35,29,78242,1.389,-2.087
14,35,29,78281,-0.613,0.79
14,35,29,78320,0.093,1.635
14,35,29,78359,0.766,-3.1
14,35,29,78398,0.441,1.728
14,35,29,78437,0.615,-1.042
14,35,29,78476,-0.225,-0.233
14,35,29,78515,-0.998,1.321
14,35,29,78554,-0.24,-1.732
14,35,29,78593,-0.499,1.066
14,35,29,78632,-0.687,-0.295
14,35,29,78671,-0.155,-0.813
14,35,29,78710,-0.867,1.466
14,35,29,78749,0.674,-1.266
14,35,29,78789,0.235,-0.603
14,35,29,78828,0.42,0.821
14,35,29,78867,0.417,-0.645
14,35,29,78906,0.089,0.442
14,35,29,78945,0.182,-0.5
14,35,29,78984,-0.303,-0.191
14,35,29,79023,-0.063,0.36
14,35,29,79062,0.247,-0.893
14,35,29,79101,0.272,0.29
14,35,29,79140,0.182,-0.236
14,35,29,79179,0.981,-1.03
14,35,29,79218,0.605,0.352
14,35,29,79257,0.966,-0.242
14,35,29,79296,0.481,-0.258
14,35,29,79335,0.093,0.569
14,35,29,79374,0.379,-0.602
14,35,29,79414,-0.151,0.812
14,35,29,79453,0.198,0.218
14,35,29,79492,0.002,-0.308
14,35,29,79531,0.475,0.186
14,35,29,79570,0.139,-0.028
14,35,29,79609,0.735,0.129
14,35,29,79648,-0.051,-0.294
14,35,29,79687,0.503,-0.355
14,35,29,79726,-0.189,0.12
14,35,29,79765,-0.135,0.106
14,35,29,79804,-0.358,-0.059
14,35,29,79843,-0.529,-0.128
14,35,29,79882,-1.088,0.424
14,35,29,79921,-0.861,0.476
14,35,29,79960,-1.265,0.529
14,35,29,79999,-0.627,-0.051
14,35,29,80039,-0.993,-0.268
14,35,29,80078,-0.618,0.777
14,35,29,80117,-0.591,-0.316
14,35,29,80156,0.154,0.207
14,35,29,80195,0.11,-0.227
14,35,29,80234,0.321,-0.198
14,35,29,80273,-0.022,-0.012
14,35,29,80312,-0.286,0.593
14,35,29,80351,0.019,-0.703
14,35,29,80390,-0.179,-0.128
14,35,29,80429,-0.602,0.025
14,35,29,80468,-0.5,-0.333
14,35,29,80507,-0.579,0.462
14,35,29,80546,-0.403,-0.292
14,35,29,80585,-0.327,-0.334
14,35,29,80624,-0.152,0.232
14,35,29,80664,0.002,0.009
14,35,29,80703,0.202,0.094
14,35,29,80742,0.103,0.052
14,35,29,80781,0.527,-0.632
14,35,29,80820,0.76,-0.559
14,35,29,80859,0.677,-0.242
14,35,29,80898,1.022,-0.217
14,35,29,80937,0.922,-0.064
14,35,29,80976,1.828,-1.108
14,35,29,81015,1.405,0.413
14,35,29,81054,1.797,0.041
14,35,29,81093,1.545,-0.448
14,35,29,81132,1.79,0.578
14,35,29,81171,1.556,-0.532
14,35,29,81210,1.444,0.413
14,35,29,81249,1.039,-0
14,35,29,81289,0.642,-0.226
14,35,29,81328,0.372,0.025
14,35,29,81367,-0.08,-0.399
14,35,29,81406,-0.436,0.303
14,35,29,81445,-0.792,0.194
14,35,29,81484,-0.643,-0.402
14,35,29,81523,-0.678,-0.188
14,35,29,81562,-0.446,0.454
14,35,29,81601,-0.729,0.429
14,35,29,81640,-0.377,-0.134
14,35,29,81679,-0.358,0.481
14,35,29,81718,-0.7,0.688
14,35,29,81757,-0.416,-0.093
14,35,29,81796,-0.898,0.332
14,35,29,81835,-0.105,0.214
14,35,29,81874,-0.281,-0.145
14,35,29,81914,0.236,0.057
14,35,29,81953,-0.489,-0.132
14,35,29,81992,0.228,0.249
14,35,29,82031,0.045,-0.19
14,35,29,82070,0.252,0.09
14,35,29,82109,-0.349,0.116
14,35,29,82148,-0.427,0.276
14,35,29,82187,-0.264,-0.207
14,35,29,82226,-0.428,0.247
14,35,29,82265,-0.233,-0.051
14,35,29,82304,-0.471,0.007
14,35,29,82343,-0.356,0.04
14,35,29,82382,-0.463,0.136
14,35,29,82421,-0.329,0.138
14,35,29,82460,-0.093,-0.216
14,35,29,82499,0.255,-0.52
14,35,29,82539,0.046,0.671
14,35,29,82578,0.062,-0.062
14,35,29,82617,0.038,-0.777
14,35,29,82656,0.058,0.508
14,35,29,82695,-0.081,0.415
14,35,29,82734,-0.012,-0.238
14,35,29,82773,-0.241,0.036
14,35,29,82812,0.24,0.095
14,35,29,82851,0.227,0.299
14,35,29,82890,0.726,-0.275
14,35,29,82929,0.191,0.103
14,35,29,82968,0.573,0.311
14,35,29,83007,-0.394,-0.514
14,35,29,83046,-0.309,0.338
14,35,29,83085,-1.166,0.677
14,35,29,83124,-0.717,0.122
14,35,29,83164,-1.083,-0.516
14,35,29,83203,-0.333,-0.122
14,35,29,83242,-0.29,-0.435
14,35,29,83281,-0.041,0.118
14,35,29,83320,-0.054,-0.231
14,35,29,83359,-0.183,0.29
14,35,29,83398,-0.381,0.509
14,35,29,83437,-0.002,-0.716
14,35,29,83476,-0.426,0.35
14,35,29,83515,-0.046,0.706
14,35,29,83554,-0.28,-0.84
14,35,29,83593,-0.195,0.471
14,35,29,83632,0.569,-0.574
14,35,29,83671,-0.09,0.138
14,35,29,83710,0.44,0.283
14,35,29,83749,-0.374,-0.392
14,35,29,83789,0.109,1.033
14,35,29,83828,-0.153,-1.034
14,35,29,83867,0.007,-0.049
14,35,29,83906,-0.399,0.251
14,35,29,83945,-0.188,-0.719
14,35,29,83984,-0.617,0.301
14,35,29,84023,-0.359,-0.06
14,35,29,84062,-0.15,-0.659
14,35,29,84101,-0.727,0.856
14,35,29,84140,-0.66,0.007
14,35,29,84179,-1.167,0.062
14,35,29,84218,-0.693,-0.098
14,35,29,84257,-0.46,-0.233
14,35,29,84296,-0.643,0.595
14,35,29,84335,-0.479,-0.414
14,35,29,84374,-0.291,-0.365
14,35,29,84414,0.075,-0.228
14,35,29,84453,-0.161,-0.039
14,35,29,84492,-0.239,0.097
14,35,29,84531,-0.064,-0.341
14,35,29,84570,-0.453,0.635
14,35,29,84609,0.08,-0.373
14,35,29,84648,-0.711,0.42
14,35,29,84687,0.217,0.256
14,35,29,84726,0.194,-1.016
14,35,29,84765,0.841,0.115
14,35,29,84804,0.281,-0.726
14,35,29,84843,0.944,-0.164
14,35,29,84882,0.857,-0.069
14,35,29,84921,1.583,-0.441
14,35,29,84960,0.804,0.721
14,35,29,84999,1.107,0.069
14,35,29,85039,1.23,-0.246
14,35,29,85078,1.453,0.91
14,35,29,85117,1.288,-0.593
14,35,29,85156,1.292,-0.416
14,35,29,85195,1.17,-0.257
14,35,29,85234,1.023,-0.305
14,35,29,85273,0.67,0.058
14,35,29,85312,0.128,-0.121
14,35,29,85351,-0.437,-0.165
14,35,29,85390,-0.733,0.156
14,35,29,85429,-0.843,0.206
14,35,29,85468,-0.73,0.408
14,35,29,85507,-0.563,0.472
14,35,29,85546,-0.576,-0.053
14,35,29,85585,0.418,-0.42
14,35,29,85624,-0.072,0.454
14,35,29,85664,0.826,-0.094
14,35,29,85703,0.207,-0.618
14,35,29,85742,0.237,0.612
14,35,29,85781,0.163,-0.376
14,35,29,85820,-0.036,-0.169
14,35,29,85859,0.113,-0.33
14,35,29,85898,0.079,0.232
14,35,29,85937,0.195,-0.062
14,35,29,85976,-0.159,0.137
14,35,29,86015,0.427,0.202
14,35,29,86054,-0.202,-0.419
14,35,29,86093,0.378,0.315
14,35,29,86132,-0.601,0.641
14,35,29,86171,-0.397,0.114
14,35,29,86210,-0.549,0.093
14,35,29,86249,-0.445,0.509
14,35,29,86289,0.027,-0.407
14,35,29,86328,-0.295,0.462
14,35,29,86367,0.346,-0.225
14,35,29,86406,0.148,-0.069
14,35,29,86445,0.774,-0.311
14,35,29,86484,0.579,-0.553
14,35,29,86523,0.724,0.764
14,35,29,86562,0.823,-0.543
14,35,29,86601,0.584,0.178
14,35,29,86640,0.301,0.328
14,35,29,86679,-0.067,-0.462
14,35,29,86718,-0.151,1.052
14,35,29,86757,-0.815,0.102
14,35,29,86796,-0.507,-0.006
14,35,29,86835,-1.021,0.001
14,35,29,86874,-0.513,-0.315
14,35,29,86914,-0.622,0.031
14,35,29,86953,-0.714,0.604
14,35,29,86992,-0.496,-0.423
14,35,29,87031,-0.315,-0.498
14,35,29,87070,-0.336,0.709
14,35,29,87109,-0.323,-0.143
14,35,29,87148,-0.453,0.404
14,35,29,87187,-0.342,-0.096
14,35,29,87226,0.032,0.025
14,35,29,87265,-0.057,0.533
14,35,29,87304,-0.136,-0.246
14,35,29,87343,-0.061,0.188
14,35,29,87382,0.238,-0.142
14,35,29,87421,-0.136,0.524
14,35,29,87460,-0.369,0.368
14,35,29,87499,-0.49,-0.42
14,35,29,87539,-0.399,0.58
14,35,29,87578,-0.422,-0.262
14,35,29,87617,-0.676,0.041
14,35,29,87656,-0.45,0.548
14,35,29,87695,-0.093,-0.679
14,35,29,87734,0.063,-0.266
14,35,29,87773,-0.049,-0.004
14,35,29,87812,0.034,0.187
14,35,29,87851,-0.481,0.154
14,35,29,87890,-0.108,-0.043
14,35,29,87929,-0.772,0.433
14,35,29,87968,-0.049,-0.12
14,35,29,88007,-0.33,-0.214
14,35,29,88046,0.072,0.113
14,35,29,88085,0.064,-0.718
14,35,29,88124,0.161,-0.123
14,35,29,88164,0.375,-0.485
14,35,29,88203,0.616,-0.147
14,35,29,88242,0.447,0.382
14,35,29,88281,0.576,-0.449
14,35,29,88320,0.735,-0.399
14,35,29,88359,0.845,0.067
14,35,29,88398,1.301,-0.458
14,35,29,88437,0.821,-0.075
14,35,29,88476,1.119,-0.377
14,35,29,88515,0.793,-0.275
14,35,29,88554,0.725,-0.089
14,35,29,88593,0.96,-0.765
14,35,29,88632,0.277,0.552
14,35,29,88671,0.613,-0.323
14,35,29,88710,-0.269,-0.042
14,35,29,88749,-0.03,0.101
14,35,29,88789,-0.298,-0.523
14,35,29,88828,-0.176,0.338
14,35,29,88867,-0.576,-0.501
14,35,29,88906,-0.635,0.202
14,35,29,88945,-0.994,0.25
14,35,29,88984,-0.144,-0.729
14,35,29,89023,-0.801,0.658
14,35,29,89062,-0.5,-0.352
14,35,29,89101,-0.96,0.111
14,35,29,89140,-0.419,-0.186
14,35,29,89179,-0.86,0.056
14,35,29,89218,-0.077,0.459
14,35,29,89257,-0.739,-0.265
14,35,29,89296,0.034,0.75
14,35,29,89335,-0.179,-0.45
14,35,29,89374,0.099,0.802
14,35,29,89414,0.351,-0.047
14,35,29,89453,0.231,0.311
14,35,29,89492,0.37,0.349
14,35,29,89531,-0.144,-0.349
14,35,29,89570,-0.036,0.26
14,35,29,89609,-0.019,-0.466
14,35,29,89648,-0.251,0.253
14,35,29,89687,-0.663,-0.244
14,35,29,89726,-0.631,-0.323
14,35,29,89765,-0.485,0.484
14,35,29,89804,-0.491,-0.467
14,35,29,89843,-0.224,0.344
14,35,29,89882,-0.593,0.186
14,35,29,89921,-0.019,0.121
14,35,29,89960,-0.304,0.166
14,35,29,89999,-0.139,0.53
14,35,29,90039,-0.016,0.199
14,35,29,90078,0.139,-0.069
14,35,29,90117,0.372,0.111
14,35,29,90156,-0.034,0.006
14,35,29,90195,0.222,0.184
14,35,29,90234,-0.208,0.049
14,35,29,90273,0.587,-0.006
14,35,29,90312,-0.105,-0.262
14,35,29,90351,0.413,0.491
14,35,29,90390,0.488,-0.358
14,35,29,90429,0.633,0.672
14,35,29,90468,1.018,-0.148
14,35,29,90507,0.557,0.151
14,35,29,90546,1.279,0.094
14,35,29,90585,0.97,-0.484
14,35,29,90624,0.979,0.941
14,35,29,90664,0.794,-0.096
14,35,29,90703,0.385,0.111
14,35,29,90742,0.763,-0.458
14,35,29,90781,0.711,-0.391
14,35,29,90820,0.028,1.21
14,35,29,90859,0.813,-1.085
14,35,29,90898,0.079,0.698
14,35,29,90937,0.866,0.172
14,35,29,90976,0.389,-0.176
14,35,29,91015,0.925,0.526
14,35,29,91054,0.551,-0.274
14,35,29,91093,1.122,0.639
14,35,29,91132,0.622,-0.672
14,35,29,91171,1.358,0.112
14,35,29,91210,0.682,0.08
14,35,29,91249,1.547,-0.142
14,35,29,91289,1.17,-0.72
14,35,29,91328,1.048,-0.377
14,35,29,91367,1.537,-0.306
14,35,29,91406,0.404,0.19
14,35,29,91445,0.327,0.425
14,35,29,91484,0.496,-1.179
14,35,29,91523,-0.399,0.759
14,35,29,91562,-0.201,-0.259
14,35,29,91601,-1.389,-0.51
14,35,29,91640,-1.322,1.092
14,35,29,91679,-1.615,-0.961
14,35,29,91718,-1.454,0.412
14,35,29,91757,-2.065,-0.165
14,35,29,91796,-1.482,0.317
14,35,29,91835,-1.613,0.188
14,35,29,91874,-0.527,-1.044
14,35,29,91914,-0.467,0.177
14,35,29,91953,-0.399,-0.088
14,35,29,91992,-0.361,-0.549
14,35,29,92031,-0.176,0.172
14,35,29,92070,0.029,-0.236
14,35,29,92109,-0.182,0.214
14,35,29,92148,-0.077,-0.321
14,35,29,92187,0.393,0.021
14,35,29,92226,0.34,0.299
14,35,29,92265,0.749,-0.976
14,35,29,92304,0.937,0.171
14,35,29,92343,0.543,0.843
14,35,29,92382,0.294,-0.9
14,35,29,92421,-0.368,0.194
14,35,29,92460,-0.357,0.007
14,35,29,92499,-1.092,0.072
14,35,29,92539,-1.082,-0.031
14,35,29,92578,-0.988,-0.487
14,35,29,92617,-0.327,0.333
14,35,29,92656,-0.162,-0.808
14,35,29,92695,0.144,0.057
14,35,29,92734,0.331,0.52
14,35,29,92773,0.403,-0.215
14,35,29,92812,0.093,0.115
14,35,29,92851,0.044,0.002
14,35,29,92890,-0.374,0.711
14,35,29,92929,-0.278,-0.097
14,35,29,92968,-0.711,0.298
14,35,29,93007,-0.328,0.726
14,35,29,93046,-0.354,-0.402
14,35,29,93085,0.282,0.397
14,35,29,93124,0.197,0.22
14,35,29,93164,0.317,0.107
14,35,29,93203,0.132,0.079
14,35,29,93242,0.304,-0.136
14,35,29,93281,0.289,0.59
14,35,29,93320,-0.013,-0.366
14,35,29,93359,-0.063,-0.096
14,35,29,93398,-0.249,0.153
14,35,29,93437,-0.447,-0.137
14,35,29,93476,-0.185,-0.267
14,35,29,93515,-0.514,0.572
14,35,29,93554,-0.058,0.061
14,35,29,93593,-0.371,-0.417
14,35,29,93632,0.332,0.128
14,35,29,93671,-0.067,0.244
14,35,29,93710,0.112,0.41
14,35,29,93749,-0.297,-0.615
14,35,29,93789,-0.156,0.287
14,35,29,93828,-0.493,0.128
14,35,29,93867,-0.245,-0.685
14,35,29,93906,-0.592,0.352
14,35,29,93945,0.337,0.19
14,35,29,93984,0.061,0.293
14,35,29,94023,1.016,-0.464
14,35,29,94062,0.409,0.031
14,35,29,94101,1.206,0.371
14,35,29,94140,0.552,-0.716
14,35,29,94179,0.626,0.482
14,35,29,94218,-0.467,0.077
14,35,29,94257,0.248,-0.518
14,35,29,94296,-0.276,-0.881
14,35,29,94335,-0.095,0.57
14,35,29,94374,0.069,-0.477
14,35,29,94414,-0.24,0.046
14,35,29,94453,0.361,-0.212
14,35,29,94492,-0.139,-0.54
14,35,29,94531,0.125,-0.246
14,35,29,94570,-0.582,-0.169
14,35,29,94609,-0.534,0.693
14,35,29,94648,-0.781,-0.284
14,35,29,94687,-0.866,-0.055
14,35,29,94726,-0.341,0.421
14,35,29,94765,-0.474,-0.007
14,35,29,94804,-0.358,0.735
14,35,29,94843,-0.221,-0.644
14,35,29,94882,-0.497,0.777
14,35,29,94921,-0.002,-0.624
14,35,29,94960,-0.333,-0.42
14,35,29,94999,0.117,0.449
14,35,29,95039,0.116,-0.925
14,35,29,95078,0.463,0.217
14,35,29,95117,0.044,-0.124
14,35,29,95156,0.317,0.43
14,35,29,95195,0.213,-0.075
14,35,29,95234,-0.22,0.43
14,35,29,95273,-0.256,0.323
14,35,29,95312,-0.527,0.12
14,35,29,95351,-0.354,0.485
14,35,29,95390,-0.109,-0.164
14,35,29,95429,0.136,0.23
14,35,29,95468,0.046,0.17
14,35,29,95507,-0.209,-0.018
14,35,29,95546,-0.147,-0.033
14,35,29,95585,-0.515,-0.144
14,35,29,95624,-0.428,0.094
14,35,29,95664,-1.139,0.095
14,35,29,95703,-1.131,0.172
14,35,29,95742,-1.079,-0.123
14,35,29,95781,-0.568,-0.809
14,35,29,95820,-0.499,0.453
14,35,29,95859,-0.23,-0.15
14,35,29,95898,-0.659,0.571
14,35,29,95937,0.039,-0.15
14,35,29,95976,-0.097,-0.304
14,35,29,96015,0,0.247
14,35,29,96054,-0.151,-0.833
14,35,29,96093,0.005,0.627
14,35,29,96132,-0.402,-0.023
14,35,29,96171,0.721,-0.783
14,35,29,96210,-0.25,0.063
14,35,29,96249,0.907,0.189
14,35,29,96289,-0.016,-0.016
14,35,29,96328,0.195,0.791
14,35,29,96367,-0.313,-0.662
14,35,29,96406,0.525,0.336
14,35,29,96445,-0.564,0.186
14,35,29,96484,-0.062,-0.037
14,35,29,96523,-0.554,-0.216
14,35,29,96562,-0.607,0.601
14,35,29,96601,0.048,-0.768
14,35,29,96640,-0.696,0.451
14,35,29,96679,0.141,-0.108
14,35,29,96718,-0.532,-0.497
14,35,29,96757,0.053,0.592
14,35,29,96796,-0.547,-0.43
14,35,29,96835,-0.03,0.47
14,35,29,96874,-0.734,0.181
14,35,29,96914,0.29,-0.466
14,35,29,96953,-0.201,0.124
14,35,29,96992,0.427,0.15
14,35,29,97031,-0.055,-0.34
14,35,29,97070,0.307,0.44
14,35,29,97109,-0.274,-0.213
14,35,29,97148,0.169,-0.151
14,35,29,97187,-0.591,0.078
14,35,29,97226,-0.587,0.32
14,35,29,97265,-0.763,-0.434
14,35,29,97304,-0.436,0.298
14,35,29,97343,-0.272,0.206
14,35,29,97382,0.277,-0.445
14,35,29,97421,0.501,0.349
14,35,29,97460,0.687,-0.013
14,35,29,97499,1.072,-0.328
14,35,29,97539,0.741,-0.125
14,35,29,97578,1.176,-0.335
14,35,29,97617,0.744,0.115
14,35,29,97656,1.164,-0.36
14,35,29,97695,0.742,-0.663
14,35,29,97734,0.866,0.185
14,35,29,97773,0.862,-0.713
14,35,29,97812,0.645,0.474
14,35,29,97851,0.254,0.425
14,35,29,97890,0.417,-0.654
14,35,29,97929,-0.061,0.456
14,35,29,97968,0.019,0.126
14,35,29,98007,-0.429,-0.045
14,35,29,98046,-0.107,-0.039
14,35,29,98085,-0.286,-0.022
14,35,29,98124,-0.224,0.348
14,35,29,98164,-0.026,-0.923
14,35,29,98203,0.378,-0.175
14,35,29,98242,0.307,-0.053
14,35,29,98281,0.396,-0.165
14,35,29,98320,0.483,-0.439
14,35,29,98359,0.319,0.209
14,35,29,98398,0.769,-0.361
14,35,29,98437,0.129,0.207
14,35,29,98476,0.575,0.028
14,35,29,98515,0.26,-0.533
14,35,29,98554,1.076,-0.031
14,35,29,98593,0.778,-0.735
14,35,29,98632,1.113,0.289
14,35,29,98671,0.432,-0.136
14,35,29,98710,0.879,-0.327
14,35,29,98749,-0.098,0.308
14,35,29,98789,0.158,-0.04
14,35,29,98828,-0.52,-0.258
14,35,29,98867,-0.297,0.509
14,35,29,98906,-0.212,-0.476
14,35,29,98945,-0.245,0.294
14,35,29,98984,0.359,-0.126
14,35,29,99023,0.506,-0.258
14,35,29,99062,0.83,0.284
14,35,29,99101,0.469,-0.418
14,35,29,99140,0.595,0.156
14,35,29,99179,0.101,0.088
14,35,29,99218,0.027,0.127
14,35,29,99257,-0.476,-0.005
14,35,29,99296,-0.353,0.347
14,35,29,99335,-0.616,0.113
14,35,29,99374,-0.127,-0.095
14,35,29,99414,-0.357,0.353
14,35,29,99453,0.029,-0.075
14,35,29,99492,-0.417,0.228
14,35,29,99531,-0.186,0.303
14,35,29,99570,-0.581,-0.323
14,35,29,99609,-0.178,-0.053
14,35,29,99648,-0.773,0.103
14,35,29,99687,0.005,-0.228
14,35,29,99726,-0.578,0.008
14,35,29,99765,0.623,-0.413
14,35,29,99804,0.415,-0.38
14,35,29,99843,0.945,0.541
14,35,29,99882,0.596,-0.576
14,35,29,99921,0.886,0.333
14,35,29,99960,0.851,-0.072
14,35,29,99999,0.244,0.622
14,35,29,1.0004e+005,-0.2,0.279
14,35,29,1.0008e+005,-0.646,0.133
14,35,29,1.0012e+005,-0.804,0.683
14,35,29,1.0016e+005,-1.035,-0.384
14,35,29,1.002e+005,-1.162,0.432
14,35,29,1.0023e+005,-1.146,-0.022
14,35,29,1.0027e+005,-1.2,0.169
14,35,29,1.0031e+005,-0.808,0.057
14,35,29,1.0035e+005,-0.429,-0.676
14,35,29,1.0039e+005,-0.303,0.176
14,35,29,1.0043e+005,-0.338,-0.062
14,35,29,1.0047e+005,-0.316,-0.426
14,35,29,1.0051e+005,-0.533,0.654
14,35,29,1.0055e+005,-0.235,-0.227
14,35,29,1.0058e+005,-0.741,0.139
14,35,29,1.0062e+005,-0.277,-0.158
14,35,29,1.0066e+005,-1.046,0.287
14,35,29,1.007e+005,-0.178,0.444
14,35,29,1.0074e+005,-0.771,-0.651
14,35,29,1.0078e+005,0.215,0.624
14,35,29,1.0082e+005,-0.163,-0.649
14,35,29,1.0086e+005,0.249,0.74
14,35,29,1.009e+005,0.366,-0.993
14,35,29,1.0094e+005,0.664,-0.176
14,35,29,1.0098e+005,0.71,0.47
14,35,29,1.0102e+005,0.685,-0.536
14,35,29,1.0105e+005,0.694,0.361
14,35,29,1.0109e+005,0.18,0.113
14,35,29,1.0113e+005,0.582,0.279
14,35,29,1.0117e+005,-0.465,-0.225
14,35,29,1.0121e+005,-0.146,-0
14,35,29,1.0125e+005,-1.106,0.228
14,35,29,1.0129e+005,-0.684,0.035
14,35,29,1.0133e+005,-1.412,0.235
14,35,29,1.0137e+005,-0.891,0.273
14,35,29,1.0141e+005,-1.182,-0.398
14,35,29,1.0144e+005,-0.07,-0.256
14,35,29,1.0148e+005,-0.815,-0.066
14,35,29,1.0152e+005,0.044,-0.046
14,35,29,1.0156e+005,-0.24,-0.929
14,35,29,1.016e+005,-0.324,0.617
14,35,29,1.0164e+005,-0.159,-0.206
14,35,29,1.0168e+005,-0.45,0.022
14,35,29,1.0172e+005,-0.449,0.797
14,35,29,1.0176e+005,-0.321,-0.317
14,35,29,1.018e+005,-0.659,0.614
14,35,29,1.0184e+005,-0.231,-0.273
14,35,29,1.0187e+005,-0.392,-0.123
14,35,29,1.0191e+005,-0.114,0.408
14,35,29,1.0195e+005,-0.535,0.036
14,35,29,1.0199e+005,-0.563,0.095
14,35,29,1.0203e+005,-0.77,-0.531
14,35,29,1.0207e+005,-0.445,-0.123
14,35,29,1.0211e+005,-0.451,-0.16
14,35,29,1.0215e+005,-0.298,0.04
14,35,29,1.0219e+005,-0.113,-0.205
14,35,29,1.0223e+005,-0.035,-0.359
14,35,29,1.0226e+005,0.227,-0.096
14,35,29,1.023e+005,0.658,-0.426
14,35,29,1.0234e+005,0.126,0.267
14,35,29,1.0238e+005,0.158,0.152
14,35,29,1.0242e+005,-0.218,-0.721
14,35,29,1.0246e+005,0.263,0.049
14,35,29,1.025e+005,0.178,-0.117
14,35,29,1.0254e+005,-0.325,0.315
14,35,29,1.0258e+005,0.354,-0.907
14,35,29,1.0262e+005,0.124,-0.064
14,35,29,1.0266e+005,0.474,0.433
14,35,29,1.027e+005,0.462,-1.02
14,35,29,1.0273e+005,0.599,0.456
14,35,29,1.0277e+005,0.61,-0.535
14,35,29,1.0281e+005,1,-0.615
14,35,29,1.0285e+005,0.119,0.086
14,35,29,1.0289e+005,0.782,-0.246
14,35,29,1.0293e+005,-0.288,0.922
14,35,29,1.0297e+005,0.383,-0.244
14,35,29,1.0301e+005,-0.144,-0.787
14,35,29,1.0305e+005,-0.155,0.772
14,35,29,1.0308e+005,0.095,-0.478
14,35,29,1.0312e+005,0.394,0.036
14,35,29,1.0316e+005,0.041,0.019
14,35,29,1.032e+005,0.664,-0.511
14,35,29,1.0324e+005,0.201,0.153
14,35,29,1.0328e+005,0.682,-0.051
14,35,29,1.0332e+005,0.127,0.135
14,35,29,1.0336e+005,0.046,0.024
14,35,29,1.034e+005,0.051,-0.525
14,35,29,1.0344e+005,-0.205,0.761
14,35,29,1.0348e+005,-0.143,-0.001
14,35,29,1.0352e+005,0.273,-0.313
14,35,29,1.0355e+005,0.639,-0.253
14,35,29,1.0359e+005,1.14,-0.539
14,35,29,1.0363e+005,1.28,0.167
14,35,29,1.0367e+005,0.821,0.292
14,35,29,1.0371e+005,1.364,-0.415
14,35,29,1.0375e+005,0.125,0.406
14,35,29,1.0379e+005,0.73,-0.631
14,35,29,1.0383e+005,-0.4,0.344
14,35,29,1.0387e+005,-0.398,1.01
14,35,29,1.0391e+005,-0.431,-1.191
14,35,29,1.0394e+005,0.16,0.433
14,35,29,1.0398e+005,0.319,-0.105
14,35,29,1.0402e+005,1.487,-0.186
14,35,29,1.0406e+005,0.666,0.256
14,35,29,1.041e+005,1.378,-0.213
14,35,29,1.0414e+005,1.18,-0.332
14,35,29,1.0418e+005,1.034,0.081
14,35,29,1.0422e+005,1.08,-0.325
14,35,29,1.0426e+005,-0.065,1.545
14,35,29,1.043e+005,0.616,-0.694
14,35,29,1.0434e+005,0.176,-0.689
14,35,29,1.0437e+005,0.839,0.778
14,35,29,1.0441e+005,0.797,-0.775
14,35,29,1.0445e+005,1.106,0.806
14,35,29,1.0449e+005,0.06,-0.025
14,35,29,1.0453e+005,0.809,-0.546
14,35,29,1.0457e+005,-0.461,0.115
14,35,29,1.0461e+005,-0.214,-0.121
14,35,29,1.0465e+005,-1.378,0.388
14,35,29,1.0469e+005,-1.041,-0.039
14,35,29,1.0473e+005,-1.27,-1.014
14,35,29,1.0476e+005,-0.616,0.386
14,35,29,1.048e+005,-0.951,-0.019
14,35,29,1.0484e+005,0.365,-0.217
14,35,29,1.0488e+005,0.027,-0.108
14,35,29,1.0492e+005,0.529,-0.067
14,35,29,1.0496e+005,0.305,-0.338
14,35,29,1.05e+005,0.113,0.421
14,35,29,1.0504e+005,0.453,0.066
14,35,29,1.0508e+005,-0.062,0.379
14,35,29,1.0512e+005,-0.337,-0.079
14,35,29,1.0516e+005,-0.263,-0.49
14,35,29,1.052e+005,-0.438,1.22
14,35,29,1.0523e+005,-0.541,0.142
14,35,29,1.0527e+005,-0.205,-0.53
14,35,29,1.0531e+005,-0.714,0.923
14,35,29,1.0535e+005,-0.017,-0.092
14,35,29,1.0539e+005,-0.326,0.099
14,35,29,1.0543e+005,-0.171,0.166
14,35,29,1.0547e+005,-0.223,-0.198
14,35,29,1.0551e+005,-0.175,0.295
14,35,29,1.0555e+005,-0.473,-0.596
14,35,29,1.0558e+005,-0.505,0.988
14,35,29,1.0562e+005,-0.539,0.094
14,35,29,1.0566e+005,-0.386,-0.032
14,35,29,1.057e+005,0.025,0.025
14,35,29,1.0574e+005,-0.446,0.257
14,35,29,1.0578e+005,0.031,0.47
14,35,29,1.0582e+005,-0.306,-0.272
14,35,29,1.0586e+005,0.194,0.511
14,35,29,1.059e+005,-0.448,0.136
14,35,29,1.0594e+005,0.227,-0.104
14,35,29,1.0598e+005,-0.505,0.417
14,35,29,1.0602e+005,0.446,0.358
14,35,29,1.0605e+005,-0.05,-0.29
14,35,29,1.0609e+005,0.598,0.016
14,35,29,1.0613e+005,0.452,-0.639
14,35,29,1.0617e+005,0.654,0.45
14,35,29,1.0621e+005,0.008,0.139
14,35,29,1.0625e+005,0.879,-0.607
14,35,29,1.0629e+005,0.066,0.325
14,35,29,1.0633e+005,0.708,-0.313
14,35,29,1.0637e+005,0.124,-0.442
14,35,29,1.0641e+005,0.19,0.971
14,35,29,1.0644e+005,0.459,-0.679
14,35,29,1.0648e+005,0.49,-0.817
14,35,29,1.0652e+005,0.341,0.259
14,35,29,1.0656e+005,0.739,-0.625
14,35,29,1.066e+005,0.555,-0.139
14,35,29,1.0664e+005,0.951,-0.491
14,35,29,1.0668e+005,0.898,-0.861
14,35,29,1.0672e+005,0.997,0.105
14,35,29,1.0676e+005,0.633,-0.154
14,35,29,1.068e+005,0.643,-0.299
14,35,29,1.0684e+005,-0.132,0.244
14,35,29,1.0687e+005,0.118,-0.069
14,35,29,1.0691e+005,-0.848,0.553
14,35,29,1.0695e+005,-0.142,-0.15
14,35,29,1.0699e+005,-0.917,0.056
14,35,29,1.0703e+005,-0.031,0.297
14,35,29,1.0707e+005,-0.394,-0.954
14,35,29,1.0711e+005,0.556,0.087
14,35,29,1.0715e+005,-0.262,0.327
14,35,29,1.0719e+005,0.044,0.07
14,35,29,1.0723e+005,-0.278,-0.714
14,35,29,1.0726e+005,0.205,0.049
14,35,29,1.073e+005,0.492,-0.476
14,35,29,1.0734e+005,-0.219,0.417
14,35,29,1.0738e+005,0.239,-0.199
14,35,29,1.0742e+005,0.143,-0.054
14,35,29,1.0746e+005,1.058,-0.081
14,35,29,1.075e+005,0.974,-0.826
14,35,29,1.0754e+005,0.595,1.045
14,35,29,1.0758e+005,0.356,0.06
14,35,29,1.0762e+005,0.752,-0.806
14,35,29,1.0766e+005,0.65,0.398
14,35,29,1.077e+005,0.806,0.298
14,35,29,1.0773e+005,0.253,-0.096
14,35,29,1.0777e+005,0.519,0.05
14,35,29,1.0781e+005,0.951,-0.426
14,35,29,1.0785e+005,1.119,0.002
14,35,29,1.0789e+005,0.69,0.082
14,35,29,1.0793e+005,0.726,-0.213
14,35,29,1.0797e+005,0.223,0.168
14,35,29,1.0801e+005,0.437,-0.394
14,35,29,1.0805e+005,-0.117,0.088
14,35,29,1.0808e+005,-0.372,0.22
14,35,29,1.0812e+005,-0.171,0.006
14,35,29,1.0816e+005,-0.462,0.225
14,35,29,1.082e+005,-0.76,0.449
14,35,29,1.0824e+005,-0.294,-0.536
14,35,29,1.0828e+005,-1.028,0.475
14,35,29,1.0832e+005,-0.369,0.437
14,35,29,1.0836e+005,-1.172,-0.648
14,35,29,1.084e+005,-0.381,0.622
14,35,29,1.0844e+005,-0.948,0.143
14,35,29,1.0848e+005,-0.22,0.307
14,35,29,1.0852e+005,-0.504,-0.488
14,35,29,1.0855e+005,0.708,0.152
14,35,29,1.0859e+005,-0.013,0.027
14,35,29,1.0863e+005,0.585,0.208
14,35,29,1.0867e+005,0.211,-0.765
14,35,29,1.0871e+005,0.127,0.855
14,35,29,1.0875e+005,0.484,-0.714
14,35,29,1.0879e+005,-0.471,-0.113
14,35,29,1.0883e+005,-0.506,0.861
14,35,29,1.0887e+005,-0.766,-0.426
14,35,29,1.0891e+005,-0.656,0.566
14,35,29,1.0894e+005,-0.536,-0.806
14,35,29,1.0898e+005,-0.352,0.324
14,35,29,1.0902e+005,-0.854,0.746
14,35,29,1.0906e+005,-0.074,-0.824
14,35,29,1.091e+005,-0.451,0.177
14,35,29,1.0914e+005,0.478,-0.122
14,35,29,1.0918e+005,-0.3,-0.063
14,35,29,1.0922e+005,-0.08,0.679
14,35,29,1.0926e+005,-0.419,-0.555
14,35,29,1.093e+005,0.174,0.038
14,35,29,1.0934e+005,-0.191,-0.278
14,35,29,1.0937e+005,0.107,0.398
14,35,29,1.0941e+005,-0.627,0.664
14,35,29,1.0945e+005,0.448,-0.642
14,35,29,1.0949e+005,0.213,-0.359
14,35,29,1.0953e+005,0.534,0.421
14,35,29,1.0957e+005,0.254,0.061
14,35,29,1.0961e+005,-0.159,0.293
14,35,29,1.0965e+005,0.476,-0.721
14,35,29,1.0969e+005,-0.266,-0.174
14,35,29,1.0973e+005,-0.125,0.33
14,35,29,1.0976e+005,-0.545,-0.222
14,35,29,1.098e+005,-0.672,0.281
14,35,29,1.0984e+005,-0.586,-0.402
14,35,29,1.0988e+005,-0.482,-0.422
14,35,29,1.0992e+005,-0.483,0.409
14,35,29,1.0996e+005,-0.876,-0.102
14,35,29,1.1e+005,-0.484,0.36
14,35,29,1.1004e+005,-0.9,0.006
14,35,29,1.1008e+005,-0.838,0.273
14,35,29,1.1012e+005,-0.875,0.158
14,35,29,1.1016e+005,-0.661,0.513
14,35,29,1.102e+005,-0.321,0.232
14,35,29,1.1023e+005,-0.673,0.003
14,35,29,1.1027e+005,-0.007,0.343
14,35,29,1.1031e+005,-0.052,-0.401
14,35,29,1.1035e+005,0.426,0.441
14,35,29,1.1039e+005,-0.136,0.278
14,35,29,1.1043e+005,0.035,-0.014
14,35,29,1.1047e+005,0.148,-0.561
14,35,29,1.1051e+005,-0.052,0.576
14,35,29,1.1055e+005,0.443,0.025
14,35,29,1.1058e+005,-0.184,-0.401
14,35,29,1.1062e+005,0.499,0.195
14,35,29,1.1066e+005,-0.28,-0.271
14,35,29,1.107e+005,0.548,0.574
14,35,29,1.1074e+005,-0.045,-0.452
14,35,29,1.1078e+005,0.075,1.032
14,35,29,1.1082e+005,-0.166,-0.008
14,35,29,1.1086e+005,-0.221,-0.54
14,35,29,1.109e+005,-0.224,0.587
14,35,29,1.1094e+005,-0.45,0.146
14,35,29,1.1098e+005,-0.086,-0.185
14,35,29,1.1102e+005,-0.477,0.048
14,35,29,1.1105e+005,-0.091,0.192
14,35,29,1.1109e+005,-0.334,0.178
14,35,29,1.1113e+005,0.064,-0.106
14,35,29,1.1117e+005,0.212,-0.026
14,35,29,1.1121e+005,-0.033,0.612
14,35,29,1.1125e+005,0.4,-0.262
14,35,29,1.1129e+005,0.102,-0.141
14,35,29,1.1133e+005,1.034,0.307
14,35,29,1.1137e+005,1.029,-0.98
14,35,29,1.1141e+005,0.986,0.285
14,35,29,1.1144e+005,0.977,-0.232
14,35,29,1.1148e+005,0.656,0.041
14,35,29,1.1152e+005,0.967,-0.115
14,35,29,1.1156e+005,0.878,-0.536
14,35,29,1.116e+005,0.63,0.972
14,35,29,1.1164e+005,0.667,-0.243
14,35,29,1.1168e+005,0.637,-0.322
14,35,29,1.1172e+005,0.64,-0.315
14,35,29,1.1176e+005,0.643,-0.352
14,35,29,1.118e+005,-0.165,0.044
14,35,29,1.1184e+005,-0.756,0.018
14,35,29,1.1187e+005,-0.828,-0.878
14,35,29,1.1191e+005,-1.457,0.048
14,35,29,1.1195e+005,-1.125,0.138
14,35,29,1.1199e+005,-1.452,-0.36
14,35,29,1.1203e+005,-1.214,0.607
14,35,29,1.1207e+005,-0.485,-0.736
14,35,29,1.1211e+005,-0.328,-0.178
14,35,29,1.1215e+005,0.106,-0.062
14,35,29,1.1219e+005,-0.113,-0.078
14,35,29,1.1223e+005,0.234,-0.02
14,35,29,1.1226e+005,-0.014,-0.634
14,35,29,1.123e+005,0.26,-0.073
14,35,29,1.1234e+005,0.062,-0.487
14,35,29,1.1238e+005,0.235,0.351
14,35,29,1.1242e+005,0.31,0.26
14,35,29,1.1246e+005,0.791,-0.381
14,35,29,1.125e+005,0.817,-0.018
14,35,29,1.1254e+005,0.659,0.1
14,35,29,1.1258e+005,0.66,0.093
14,35,29,1.1262e+005,-0.199,0.316
14,35,29,1.1266e+005,-0.032,-0.123
14,35,29,1.127e+005,-0.557,-0.156
14,35,29,1.1273e+005,-1.191,1.022
14,35,29,1.1277e+005,-0.606,-0.328
14,35,29,1.1281e+005,-1.316,0.52
14,35,29,1.1285e+005,-0.554,0.115
14,35,29,1.1289e+005,-0.605,-0.886
14,35,29,1.1293e+005,-0.248,0.786
14,35,29,1.1297e+005,-0.412,-0.394
14,35,29,1.1301e+005,-0.29,0.323
14,35,29,1.1305e+005,-0.316,-0.54
14,35,29,1.1308e+005,-0.412,-0.012
14,35,29,1.1312e+005,-0.49,0.438
14,35,29,1.1316e+005,-0.684,-0.004
14,35,29,1.132e+005,-0.718,0.518
14,35,29,1.1324e+005,-0.452,-0.385
14,35,29,1.1328e+005,-0.14,0.721
14,35,29,1.1332e+005,-0.1,-0.161
14,35,29,1.1336e+005,0.129,-0.038
14,35,29,1.134e+005,0.001,0.475
14,35,29,1.1344e+005,0.061,-0.287
14,35,29,1.1348e+005,0.385,-0.219
14,35,29,1.1352e+005,0.046,0.096
14,35,29,1.1355e+005,0.265,-0.037
14,35,29,1.1359e+005,0.225,-0.431
14,35,29,1.1363e+005,0.775,-0.259
14,35,29,1.1367e+005,0.977,-0.148
14,35,29,1.1371e+005,1.227,0.075
14,35,29,1.1375e+005,1.414,-0.513
14,35,29,1.1379e+005,1.196,0.159
14,35,29,1.1383e+005,1.28,-0.044
14,35,29,1.1387e+005,0.8,-0.085
14,35,29,1.1391e+005,1.048,0.363
14,35,29,1.1394e+005,0.415,0.151
14,35,29,1.1398e+005,0.639,-0.001
14,35,29,1.1402e+005,0.354,-0.11
14,35,29,1.1406e+005,0.577,0.423
14,35,29,1.141e+005,0.318,-0.03
14,35,29,1.1414e+005,0.64,-0.108
14,35,29,1.1418e+005,0.353,-0.013
14,35,29,1.1422e+005,0.003,0.461
14,35,29,1.1426e+005,0.141,-0.276
14,35,29,1.143e+005,0.23,0.057
14,35,29,1.1434e+005,0.411,0.175
14,35,29,1.1437e+005,0.032,-0.437
14,35,29,1.1441e+005,0.283,-0.302
14,35,29,1.1445e+005,0.439,-0.531
14,35,29,1.1449e+005,0.497,0.168
14,35,29,1.1453e+005,0.493,-0.144
14,35,29,1.1457e+005,0.202,-0.162
14,35,29,1.1461e+005,0.117,0.247
14,35,29,1.1465e+005,0.006,0.151
14,35,29,1.1469e+005,0.273,0.435
14,35,29,1.1473e+005,-0.085,-0.103
14,35,29,1.1476e+005,0.084,-0.108
14,35,29,1.148e+005,-0.45,0.19
14,35,29,1.1484e+005,-0.098,-0.437
14,35,29,1.1488e+005,0.144,-0.646
14,35,29,1.1492e+005,-0.062,0.754
14,35,29,1.1496e+005,0.02,0.009
14,35,29,1.15e+005,-0.129,-0.759
14,35,29,1.1504e+005,0.434,0.394
14,35,29,1.1508e+005,0.184,0.061
14,35,29,1.1512e+005,0.098,-0.027
14,35,29,1.1516e+005,-0.164,0.129
14,35,29,1.152e+005,-0.298,0.203
14,35,29,1.1523e+005,-0.051,0.138
14,35,29,1.1527e+005,-0.059,-0.6
14,35,29,1.1531e+005,-0.097,-0.135
14,35,29,1.1535e+005,-0.482,-0.136
14,35,29,1.1539e+005,-0.83,0.292
14,35,29,1.1543e+005,-1.105,0.301
14,35,29,1.1547e+005,-1.195,-0.104
14,35,29,1.1551e+005,-1.249,0.302
14,35,29,1.1555e+005,-0.989,-0.584
14,35,29,1.1558e+005,-1.064,0.298
14,35,29,1.1562e+005,-0.808,-0.072
14,35,29,1.1566e+005,-0.595,-0.558
14,35,29,1.157e+005,-0.155,-0.099
14,35,29,1.1574e+005,-0.424,0.263
14,35,29,1.1578e+005,-0.035,0.066
14,35,29,1.1582e+005,-0.505,-0.1
14,35,29,1.1586e+005,-0.253,0.645
14,35,29,1.159e+005,-0.583,-0.007
14,35,29,1.1594e+005,-0.123,-0.326
14,35,29,1.1598e+005,-0.346,0.027
14,35,29,1.1602e+005,0.138,-0.256
14,35,29,1.1605e+005,-0.22,-0.509
14,35,29,1.1609e+005,0.066,0.039
14,35,29,1.1613e+005,-0.252,-0.344
14,35,29,1.1617e+005,0.31,-0.253
14,35,29,1.1621e+005,-0.27,0.384
14,35,29,1.1625e+005,0.05,0.027
14,35,29,1.1629e+005,0.061,-0.279
14,35,29,1.1633e+005,0.083,0.587
14,35,29,1.1637e+005,0.283,-0.651
14,35,29,1.1641e+005,0.243,0.206
14,35,29,1.1644e+005,0.615,0.211
14,35,29,1.1648e+005,0.637,0.096
14,35,29,1.1652e+005,0.749,-0.043
14,35,29,1.1656e+005,0.54,-0.224
14,35,29,1.166e+005,1.039,0.157
14,35,29,1.1664e+005,0.849,-0.278
14,35,29,1.1668e+005,0.848,0.547
14,35,29,1.1672e+005,0.574,-0.142
14,35,29,1.1676e+005,0.247,-0.04
14,35,29,1.168e+005,-0.052,0.006
14,35,29,1.1684e+005,-0.201,0.155
14,35,29,1.1687e+005,-0.474,0.296
14,35,29,1.1691e+005,-0.243,-0.136
14,35,29,1.1695e+005,-0.481,0.577
14,35,29,1.1699e+005,-0.356,0.397
14,35,29,1.1703e+005,0.058,-0.385
14,35,29,1.1707e+005,0.205,0.154
14,35,29,1.1711e+005,0.289,0.381
14,35,29,1.1715e+005,0.211,-0.336
14,35,29,1.1719e+005,-0.208,0.172
14,35,29,1.1723e+005,0.281,-0.109
14,35,29,1.1726e+005,-0.172,0.246
14,35,29,1.173e+005,0.039,-0.247
14,35,29,1.1734e+005,-0.132,0.035
14,35,29,1.1738e+005,-0.21,0.81
14,35,29,1.1742e+005,0.074,-0.041
14,35,29,1.1746e+005,0.35,-0.33
14,35,29,1.175e+005,0.428,0.223
14,35,29,1.1754e+005,0.506,0.088
14,35,29,1.1758e+005,1.397,1
14,35,29,1.1762e+005,1.036,0.125
14,35,29,1.1766e+005,1.511,-3.886
14,35,29,1.177e+005,1.106,1.151
14,35,29,1.1773e+005,-0.548,2.234
14,35,29,1.1777e+005,-0.01,-2.414
14,35,29,1.1781e+005,-1.82,1.869
14,35,29,1.1785e+005,2.055,-1.589
14,35,29,1.1789e+005,0.559,-1.683
14,35,29,1.1793e+005,1.705,1.253
14,35,29,1.1797e+005,0.463,-1.491
14,35,29,1.1801e+005,1.469,1.426
14,35,29,1.1805e+005,0.659,-2.305
14,35,29,1.1808e+005,-0.185,0.627
14,35,29,1.1812e+005,-1.723,1.5
14,35,29,1.1816e+005,-2.186,-0.155
14,35,29,1.182e+005,-2.438,1.371
14,35,29,1.1824e+005,-2.097,-0.194
14,35,29,1.1828e+005,-1.192,-0.15
14,35,29,1.1832e+005,-0.939,0.567
14,35,29,1.1836e+005,-0.186,-0.241
14,35,29,1.184e+005,-0.319,0.553
14,35,29,1.1844e+005,-0.231,-0.259
14,35,29,1.1848e+005,-0.448,0.366
14,35,29,1.1852e+005,-1.42,0.684
14,35,29,1.1855e+005,-1.144,-0.616
14,35,29,1.1859e+005,-1.313,-0.126
14,35,29,1.1863e+005,-1.117,0.06
14,35,29,1.1867e+005,-1.052,-0.09
14,35,29,1.1871e+005,-0.854,0.049
14,35,29,1.1875e+005,-0.176,-0.069
14,35,29,1.1879e+005,-0.064,-0.24
14,35,29,1.1883e+005,-0.136,0.255
14,35,29,1.1887e+005,-0.631,0.411
14,35,29,1.1891e+005,-0.349,0.769
14,35,29,1.1894e+005,-0.976,0.467
14,35,29,1.1898e+005,-0.104,-0.627
14,35,29,1.1902e+005,-0.849,0.093
14,35,29,1.1906e+005,-0.318,0.531
14,35,29,1.191e+005,-0.261,-0.687
14,35,29,1.1914e+005,-0.443,0.243
14,35,29,1.1918e+005,0.215,-0.819
14,35,29,1.1922e+005,0.355,-0.5
14,35,29,1.1926e+005,-0.026,0.637
14,35,29,1.193e+005,-0.119,-0.56
14,35,29,1.1934e+005,0.138,-0.363
14,35,29,1.1937e+005,-0.505,0.934
14,35,29,1.1941e+005,-0.099,0.029
14,35,29,1.1945e+005,-0.906,0.002
14,35,29,1.1949e+005,-0.519,0.544
14,35,29,1.1953e+005,0.107,-0.766
14,35,29,1.1957e+005,-0.195,0.16
14,35,29,1.1961e+005,0.712,-0.362
14,35,29,1.1965e+005,0.082,-0.296
14,35,29,1.1969e+005,1.159,-0.403
14,35,29,1.1973e+005,0.572,-0.575
14,35,29,1.1976e+005,0.159,1.062
14,35,29,1.198e+005,0.568,-1.224
14,35,29,1.1984e+005,-0.236,0.813
14,35,29,1.1988e+005,0.479,-0.034
14,35,29,1.1992e+005,-0.522,-0.81
14,35,29,1.1996e+005,-0.118,0.946
14,35,29,1.2e+005,-0.075,-1.078
14,35,29,1.2004e+005,0.968,0.757
14,35,29,1.2008e+005,0.193,-0.125
14,35,29,1.2012e+005,1.359,-0.58
14,35,29,1.2016e+005,0.773,0.318
14,35,29,1.202e+005,0.995,-0.417
14,35,29,1.2023e+005,0.566,-0.052
14,35,29,1.2027e+005,0.383,0.136
14,35,29,1.2031e+005,-0.069,0.405
14,35,29,1.2035e+005,0.085,-0.067
14,35,29,1.2039e+005,-0.117,0.05
14,35,29,1.2043e+005,-0.011,0.262
14,35,29,1.2047e+005,0.131,-0.346
14,35,29,1.2051e+005,0.277,0.233
14,35,29,1.2055e+005,0.178,0.296
14,35,29,1.2058e+005,0.076,0.04
14,35,29,1.2062e+005,0.443,-0.091
14,35,29,1.2066e+005,0.596,0.022
14,35,29,1.207e+005,0.435,0.141
14,35,29,1.2074e+005,0.128,0.151
14,35,29,1.2078e+005,0.331,-0.449
14,35,29,1.2082e+005,0.335,-0.04
14,35,29,1.2086e+005,0.264,0.217
14,35,29,1.209e+005,0.166,0.137
14,35,29,1.2094e+005,0.349,-0.03
14,35,29,1.2098e+005,0.852,-0.337
14,35,29,1.2102e+005,0.476,0.297
14,35,29,1.2105e+005,0.518,0.276
14,35,29,1.2109e+005,0.327,0.232
14,35,29,1.2113e+005,0.486,0.2
14,35,29,1.2117e+005,0.576,-0.628
14,35,29,1.2121e+005,0.771,-0.168
14,35,29,1.2125e+005,-0.138,0.611
14,35,29,1.2129e+005,0.301,-0.1
14,35,29,1.2133e+005,-0.052,0.083
14,35,29,1.2137e+005,0.753,-0.556
14,35,29,1.2141e+005,-0.101,0.172
14,35,29,1.2144e+005,-0.159,0.227
14,35,29,1.2148e+005,-0.334,-0.473
14,35,29,1.2152e+005,-0.356,0.739
14,35,29,1.2156e+005,-0.35,-0.442
14,35,29,1.216e+005,-0.675,0.75
14,35,29,1.2164e+005,-0.411,0.291
14,35,29,1.2168e+005,-0.558,-0.508
14,35,29,1.2172e+005,-0.535,0.752
14,35,29,1.2176e+005,-0.333,-0.863
14,35,29,1.218e+005,-0.559,0.55
14,35,29,1.2184e+005,-0.273,0.017
14,35,29,1.2187e+005,-0.246,-0.582
14,35,29,1.2191e+005,0.073,0.134
14,35,29,1.2195e+005,-0.026,-0.667
14,35,29,1.2199e+005,0.069,0.556
14,35,29,1.2203e+005,-0.202,-0.25
14,35,29,1.2207e+005,0.137,-0.089
14,35,29,1.2211e+005,-0,0.424
14,35,29,1.2215e+005,0.408,-0.354
14,35,29,1.2219e+005,0.125,-0.018
14,35,29,1.2223e+005,0.648,0.031
14,35,29,1.2226e+005,0.907,-0.254
14,35,29,1.223e+005,0.637,0.527
14,35,29,1.2234e+005,0.589,-0.064
14,35,29,1.2238e+005,0.39,0.127
14,35,29,1.2242e+005,0.509,0.136
14,35,29,1.2246e+005,0.227,0.08
14,35,29,1.225e+005,-0.043,0.145
14,35,29,1.2254e+005,0.027,-0.454
14,35,29,1.2258e+005,0.017,0.261
14,35,29,1.2262e+005,0.047,-0.278
14,35,29,1.2266e+005,-0.121,0.035
14,35,29,1.227e+005,0.158,-0.14
14,35,29,1.2273e+005,-0.355,0.516
14,35,29,1.2277e+005,0.012,0.262
14,35,29,1.2281e+005,-0.391,-0.26
14,35,29,1.2285e+005,0.42,0.116
14,35,29,1.2289e+005,0.01,-0.179
14,35,29,1.2293e+005,0.218,-0.153
14,35,29,1.2297e+005,-0.022,-0.307
14,35,29,1.2301e+005,0.691,-0.163
14,35,29,1.2305e+005,0.5,0.254
14,35,29,1.2308e+005,0.927,-0.286
14,35,29,1.2312e+005,0.955,-0.134
14,35,29,1.2316e+005,1.091,0.146
14,35,29,1.232e+005,1.311,-0.248
14,35,29,1.2324e+005,0.761,0.776
14,35,29,1.2328e+005,1.702,-0.81
14,35,29,1.2332e+005,0.901,0.369
14,35,29,1.2336e+005,0.776,0.644
14,35,29,1.234e+005,0.492,-1.112
14,35,29,1.2344e+005,0.191,0.421
14,35,29,1.2348e+005,0.611,-0.1
14,35,29,1.2352e+005,0.139,-0.015
14,35,29,1.2355e+005,-0.211,0.065
14,35,29,1.2359e+005,0.318,-0.709
14,35,29,1.2363e+005,0.307,0.854
14,35,29,1.2367e+005,1.441,-1.059
14,35,29,1.2371e+005,1.26,-0.54
14,35,29,1.2375e+005,1.294,0.886
14,35,29,1.2379e+005,1.5,-0.929
14,35,29,1.2383e+005,1.328,-0.017
14,35,29,1.2387e+005,1.443,-0.532
14,35,29,1.2391e+005,1.04,0.548
14,35,29,1.2394e+005,0.195,0.609
14,35,29,1.2398e+005,0.175,-1.126
14,35,29,1.2402e+005,-0.135,0.555
14,35,29,1.2406e+005,-0.235,0.028
14,35,29,1.241e+005,-0.313,-0.347
14,35,29,1.2414e+005,-1.506,0.895
14,35,29,1.2418e+005,-0.846,-0.318
14,35,29,1.2422e+005,-1.06,-0.46
14,35,29,1.2426e+005,-0.597,-0.365
14,35,29,1.243e+005,-1.668,0.204
14,35,29,1.2434e+005,-1.972,0.336
14,35,29,1.2437e+005,-2.727,-1.08
14,35,29,1.2441e+005,-1.521,-0.672
14,35,29,1.2445e+005,-2.49,0.219
14,35,29,1.2449e+005,-3.196,1.291
14,35,29,1.2453e+005,-2.142,-0.504
14,35,29,1.2457e+005,-0.791,-0.652
14,35,29,1.2461e+005,-0.131,0.127
14,35,29,1.2465e+005,0.17,-0.218
14,35,29,1.2469e+005,0.965,-0.384
14,35,29,1.2473e+005,-0.062,0.812
14,35,29,1.2476e+005,0.639,-0.489
14,35,29,1.248e+005,-0.175,-0.362
14,35,29,1.2484e+005,-0.774,1.803
14,35,29,1.2488e+005,-0.006,-0.857
14,35,29,1.2492e+005,-1.259,0.735
14,35,29,1.2496e+005,-0.156,-0.152
14,35,29,1.25e+005,-1.018,-0.824
14,35,29,1.2504e+005,-0.188,1.248
14,35,29,1.2508e+005,-0.63,-1.158
14,35,29,1.2512e+005,-0.741,1.143
14,35,29,1.2516e+005,-0.774,-1.243
14,35,29,1.252e+005,-0.739,-0.672
14,35,29,1.2523e+005,-0.954,1.237
14,35,29,1.2527e+005,-0.799,-1.058
14,35,29,1.2531e+005,-0.66,0.361
14,35,29,1.2535e+005,-0.911,-0.19
14,35,29,1.2539e+005,-0.226,-0.077
14,35,29,1.2543e+005,-0.641,0.563
14,35,29,1.2547e+005,0.164,-0.196
14,35,29,1.2551e+005,-0.132,0.777
14,35,29,1.2555e+005,-0.357,0.294
14,35,29,1.2558e+005,0.029,-0.136
14,35,29,1.2562e+005,-0.152,0.882
14,35,29,1.2566e+005,-0.15,0.728
14,35,29,1.257e+005,-0.252,-0.203
14,35,29,1.2574e+005,-0.553,0.262
14,35,29,1.2578e+005,-0.265,0.008
14,35,29,1.2582e+005,-1.037,0.412
14,35,29,1.2586e+005,-0.556,-0.325
14,35,29,1.259e+005,-1.221,0.056
14,35,29,1.2594e+005,-0.695,0.577
14,35,29,1.2598e+005,-0.556,-0.803
14,35,29,1.2602e+005,-0.67,0.477
14,35,29,1.2605e+005,0.235,0.008
14,35,29,1.2609e+005,0.529,0.608
14,35,29,1.2613e+005,0.106,0.464
14,35,29,1.2617e+005,0.837,-0.416
14,35,29,1.2621e+005,0.632,0.885
14,35,29,1.2625e+005,0.475,0.115
14,35,29,1.2629e+005,0.54,-0.203
14,35,29,1.2633e+005,-0.168,0.675
14,35,29,1.2637e+005,0.343,0.047
14,35,29,1.2641e+005,0.311,-0.425
14,35,29,1.2644e+005,0.588,-0.21
14,35,29,1.2648e+005,0.195,0.515
14,35,29,1.2652e+005,0.369,0.143
14,35,29,1.2656e+005,0.812,-0.399
14,35,29,1.266e+005,0.318,0.654
14,35,29,1.2664e+005,0.722,-0.214
14,35,29,1.2668e+005,0.227,-0.272
14,35,29,1.2672e+005,1.072,0.375
14,35,29,1.2676e+005,0.64,-0.602
14,35,29,1.268e+005,0.657,0.427
14,35,29,1.2684e+005,0.157,-0.657
14,35,29,1.2687e+005,0.085,0.252
14,35,29,1.2691e+005,0.395,-0.15
14,35,29,1.2695e+005,0.224,-0.362
14,35,29,1.2699e+005,-0.157,0.525
14,35,29,1.2703e+005,-0.139,-0.469
14,35,29,1.2707e+005,0.215,-0.377
14,35,29,1.2711e+005,-0.022,0.695
14,35,29,1.2715e+005,-0.029,0.279
14,35,29,1.2719e+005,-0.207,-0.145
14,35,29,1.2723e+005,0.171,-0.969
14,35,29,1.2726e+005,-0.401,0.605
14,35,29,1.273e+005,-0.383,0.26
14,35,29,1.2734e+005,-0.605,-0.298
14,35,29,1.2738e+005,0.037,-0.22
14,35,29,1.2742e+005,-0.124,-0.553
14,35,29,1.2746e+005,0.015,-0.188
14,35,29,1.275e+005,-0.279,0.096
14,35,29,1.2754e+005,0.314,0
14,35,29,1.2758e+005,0.207,0.04
14,35,29,1.2762e+005,0.315,-0.061
14,35,29,1.2766e+005,-0.223,-0.281
14,35,29,1.277e+005,-0.178,0.07
14,35,29,1.2773e+005,-0.142,-0.361
14,35,29,1.2777e+005,-0.298,0.44
14,35,29,1.2781e+005,-0.635,0.166
14,35,29,1.2785e+005,-0.08,-0.6
14,35,29,1.2789e+005,-0.274,0.579
14,35,29,1.2793e+005,0.759,-0.7
14,35,29,1.2797e+005,0.147,-0.085
14,35,29,1.2801e+005,0.685,0.344
14,35,29,1.2805e+005,0.39,-0.389
14,35,29,1.2808e+005,0.658,0.831
14,35,29,1.2812e+005,0.573,-0.778
14,35,29,1.2816e+005,0.837,0.07
14,35,29,1.282e+005,0.507,0.736
14,35,29,1.2824e+005,0.909,-0.498
14,35,29,1.2828e+005,0.714,0.217
14,35,29,1.2832e+005,1.29,-0.364
14,35,29,1.2836e+005,1.094,-0.1
14,35,29,1.284e+005,1.112,0.303
14,35,29,1.2844e+005,1.077,-0.902
14,35,29,1.2848e+005,1.173,0.645
14,35,29,1.2852e+005,0.701,0.085
14,35,29,1.2855e+005,0.646,-0.284
14,35,29,1.2859e+005,-0.253,0.292
14,35,29,1.2863e+005,-0.202,-0.152
14,35,29,1.2867e+005,-0.77,-0.155
14,35,29,1.2871e+005,-1.293,0.431
14,35,29,1.2875e+005,-1.261,0.091
14,35,29,1.2879e+005,-1.501,0.182
14,35,29,1.2883e+005,-1.085,-0.304
14,35,29,1.2887e+005,-1.179,-0.131
14,35,29,1.2891e+005,-0.747,-0.159
14,35,29,1.2894e+005,-0.809,-0.116
14,35,29,1.2898e+005,-0.222,-0.047
14,35,29,1.2902e+005,-0.64,-0.248
14,35,29,1.2906e+005,-0.232,-0.022
14,35,29,1.291e+005,-0.475,0.047
14,35,29,1.2914e+005,0.237,0.103
14,35,29,1.2918e+005,-0.198,0.023
14,35,29,1.2922e+005,-0.025,0.5
14,35,29,1.2926e+005,-0.221,-0.643
14,35,29,1.293e+005,-0.304,0.663
14,35,29,1.2934e+005,-0.033,-0.272
14,35,29,1.2937e+005,-0.497,-0.122
14,35,29,1.2941e+005,-0.17,0.067
14,35,29,1.2945e+005,-0.55,-0.607
14,35,29,1.2949e+005,-0.372,0.134
14,35,29,1.2953e+005,-0.539,-1.094
14,35,29,1.2957e+005,-0.527,0.13
14,35,29,1.2961e+005,-0.272,-0.339
14,35,29,1.2965e+005,-0.93,0.385
14,35,29,1.2969e+005,0.077,-0.453
14,35,29,1.2973e+005,-0.468,-0.073
14,35,29,1.2976e+005,0.088,1.247
14,35,29,1.298e+005,0.1,-1.115
14,35,29,1.2984e+005,0.577,0.216
14,35,29,1.2988e+005,0.282,0.572
14,35,29,1.2992e+005,0.12,0.151
14,35,29,1.2996e+005,0.005,-0.539
14,35,29,1.3e+005,-0.174,0.057
14,35,29,1.3004e+005,-0.234,0.427
14,35,29,1.3008e+005,-0.65,-0.514
14,35,29,1.3012e+005,-0.639,-0.433
14,35,29,1.3016e+005,-0.473,0.584
14,35,29,1.302e+005,-0.035,-0.318
14,35,29,1.3023e+005,0.627,-0.9
14,35,29,1.3027e+005,-0.454,0.824
14,35,29,1.3031e+005,1.234,-0.683
14,35,29,1.3035e+005,0.964,-0.818
14,35,29,1.3039e+005,1.562,0.451
14,35,29,1.3043e+005,1.5,-0.6
14,35,29,1.3047e+005,0.826,0.528
14,35,29,1.3051e+005,1.194,-0.289
14,35,29,1.3055e+005,0.78,-0.458
14,35,29,1.3058e+005,0.505,0.453
14,35,29,1.3062e+005,0.039,-0.173
14,35,29,1.3066e+005,-0.501,1.029
14,35,29,1.307e+005,-0.425,-0.397
14,35,29,1.3074e+005,-0.674,-0.34
14,35,29,1.3078e+005,-0.188,0.452
14,35,29,1.3082e+005,-0.746,0.109
14,35,29,1.3086e+005,-0.391,0.544
14,35,29,1.309e+005,-0.931,-0.466
14,35,29,1.3094e+005,0.193,-0.33
14,35,29,1.3098e+005,-0.287,-0.067
14,35,29,1.3102e+005,-0.606,1.068
14,35,29,1.3105e+005,-0.703,-0.657
14,35,29,1.3109e+005,-0.744,-0.381
14,35,29,1.3113e+005,0.455,-0.248
14,35,29,1.3117e+005,-0.407,0.454
14,35,29,1.3121e+005,0.289,0.441
14,35,29,1.3125e+005,-0.148,-0.588
14,35,29,1.3129e+005,1.151,0.314
14,35,29,1.3133e+005,0.527,-0.29
14,35,29,1.3137e+005,1.35,0.101
14,35,29,1.3141e+005,-0.231,0.638
14,35,29,1.3144e+005,0.811,0.21
14,35,29,1.3148e+005,0.354,-0.682
14,35,29,1.3152e+005,0.35,0.431
14,35,29,1.3156e+005,0.408,-0.838
14,35,29,1.316e+005,0.129,0.5
14,35,29,1.3164e+005,0.137,-0.483
14,35,29,1.3168e+005,0.028,-0.849
14,35,29,1.3172e+005,0.141,-0.108
14,35,29,1.3176e+005,-0.268,0.029
14,35,29,1.318e+005,0.124,-0.017
14,35,29,1.3184e+005,-0.933,0.182
14,35,29,1.3187e+005,-0.069,0.162
14,35,29,1.3191e+005,-0.77,-0.074
14,35,29,1.3195e+005,0.08,0.787
14,35,29,1.3199e+005,-0.672,0.013
14,35,29,1.3203e+005,0.278,0.277
14,35,29,1.3207e+005,0.031,-0.374
14,35,29,1.3211e+005,0.64,0.696
14,35,29,1.3215e+005,0.831,-0.834
14,35,29,1.3219e+005,1.17,0.096
14,35,29,1.3223e+005,1.351,0.125
14,35,29,1.3226e+005,0.823,0.025
14,35,29,1.323e+005,0.68,0.708
14,35,29,1.3234e+005,0.758,-0.676
14,35,29,1.3238e+005,1.191,0.32
14,35,29,1.3242e+005,0.537,0.027
14,35,29,1.3246e+005,0.605,-0.622
14,35,29,1.325e+005,0.252,0.016
14,35,29,1.3254e+005,0.808,-0.029
14,35,29,1.3258e+005,0.253,-0.29
14,35,29,1.3262e+005,0.25,0.435
14,35,29,1.3266e+005,-0.907,0.292
14,35,29,1.327e+005,-0.492,0.495
14,35,29,1.3273e+005,-0.97,0.192
14,35,29,1.3277e+005,-0.808,0.329
14,35,29,1.3281e+005,-1.049,0.461
14,35,29,1.3285e+005,-0.972,0.349
14,35,29,1.3289e+005,-0.357,-0.264
14,35,29,1.3293e+005,-0.731,0.396
14,35,29,1.3297e+005,-0.277,-0.08
14,35,29,1.3301e+005,-0.166,-0.55
14,35,29,1.3305e+005,-0.086,0.715
14,35,29,1.3308e+005,0.11,-0.445
14,35,29,1.3312e+005,-0.027,-0.268
14,35,29,1.3316e+005,-0.006,-0.252
14,35,29,1.332e+005,-0.046,-0.382
14,35,29,1.3324e+005,-0.391,0.624
14,35,29,1.3328e+005,-0.664,-0.485
14,35,29,1.3332e+005,-0.563,-0.079
14,35,29,1.3336e+005,-0.642,0.536
14,35,29,1.334e+005,-0.508,-0.145
14,35,29,1.3344e+005,-0.408,0.109
14,35,29,1.3348e+005,-0.638,0.139
14,35,29,1.3352e+005,-0.174,-0.105
14,35,29,1.3355e+005,-0.346,0.139
14,35,29,1.3359e+005,-0.022,-0.469
14,35,29,1.3363e+005,-0.114,-0.338
14,35,29,1.3367e+005,0.309,-0.521
14,35,29,1.3371e+005,0.184,-0.181
14,35,29,1.3375e+005,0.717,-0.418
14,35,29,1.3379e+005,0.787,-0.863
14,35,29,1.3383e+005,0.731,0.684
14,35,29,1.3387e+005,0.715,-0.674
14,35,29,1.3391e+005,0.051,0.218
14,35,29,1.3394e+005,0.292,-0.099
14,35,29,1.3398e+005,-0.027,-0.569
14,35,29,1.3402e+005,-0.216,0.588
14,35,29,1.3406e+005,-0.837,-0.154
14,35,29,1.341e+005,-1.054,0.497
14,35,29,1.3414e+005,-0.581,-0.574
14,35,29,1.3418e+005,-0.756,0.239
14,35,29,1.3422e+005,-0.705,0.234
14,35,29,1.3426e+005,-0.883,-0.663
14,35,29,1.343e+005,-0.753,0.22
14,35,29,1.3434e+005,-0.332,-0.684
14,35,29,1.3437e+005,-0.708,-0.105
14,35,29,1.3441e+005,-0.609,-0.118
14,35,29,1.3445e+005,-0.475,-0.44
14,35,29,1.3449e+005,-0.452,0.798
14,35,29,1.3453e+005,-0.465,-0.118
14,35,29,1.3457e+005,-0.329,-0.302
14,35,29,1.3461e+005,-0.478,0.855
14,35,29,1.3465e+005,-0.249,-0.027
14,35,29,1.3469e+005,-0.285,-0.11
14,35,29,1.3473e+005,-0.487,-0.125
14,35,29,1.3476e+005,-0.248,0.014
14,35,29,1.348e+005,-0.493,0.36
14,35,29,1.3484e+005,-0.486,-0.149
14,35,29,1.3488e+005,-0.253,-0.568
14,35,29,1.3492e+005,-0.472,0.19
14,35,29,1.3496e+005,-0.079,-0.333
14,35,29,1.35e+005,-0.45,-0.179
14,35,29,1.3504e+005,0.091,0.358
14,35,29,1.3508e+005,0.156,-0.499
14,35,29,1.3512e+005,0.135,0.375
14,35,29,1.3516e+005,0.425,-0.182
14,35,29,1.352e+005,0.37,-0.074
14,35,29,1.3523e+005,0.527,0.653
14,35,29,1.3527e+005,0.649,-0.592
14,35,29,1.3531e+005,0.102,0.67
14,35,29,1.3535e+005,0.615,-0.605
14,35,29,1.3539e+005,0.151,-0.224
14,35,29,1.3543e+005,0.388,0.496
14,35,29,1.3547e+005,-0.239,-1.114
14,35,29,1.3551e+005,-0.075,0.671
14,35,29,1.3555e+005,-0.014,-0.393
14,35,29,1.3558e+005,-0.371,0.114
14,35,29,1.3562e+005,-0.086,0.213
14,35,29,1.3566e+005,-0.211,-0.259
14,35,29,1.357e+005,0.006,0.962
14,35,29,1.3574e+005,0.467,-1.166
14,35,29,1.3578e+005,0.019,0.55
14,35,29,1.3582e+005,0.633,0.335
14,35,29,1.3586e+005,0.306,-0.616
14,35,29,1.359e+005,0.882,0.236
14,35,29,1.3594e+005,0.478,-1.04
14,35,29,1.3598e+005,0.798,0.357
14,35,29,1.3602e+005,0.474,-0.536
14,35,29,1.3605e+005,0.959,-0.054
14,35,29,1.3609e+005,0.82,0.188
14,35,29,1.3613e+005,0.851,-0.541
14,35,29,1.3617e+005,0.916,0.198
14,35,29,1.3621e+005,0.496,0.407
14,35,29,1.3625e+005,0.962,0.168
14,35,29,1.3629e+005,0.344,-0.137
14,35,29,1.3633e+005,0.399,-0.064
14,35,29,1.3637e+005,0.146,0.41
14,35,29,1.3641e+005,-0.239,0.594
14,35,29,1.3644e+005,0.253,-0.595
14,35,29,1.3648e+005,0.108,-0.369
14,35,29,1.3652e+005,0.327,0.564
14,35,29,1.3656e+005,0.498,-0.152
14,35,29,1.366e+005,0.307,0.237
14,35,29,1.3664e+005,1.005,-0.28
14,35,29,1.3668e+005,0.471,0.169
14,35,29,1.3672e+005,0.548,0.762
14,35,29,1.3676e+005,0.189,-0.183
14,35,29,1.368e+005,0.48,0.64
14,35,29,1.3684e+005,0.375,0.128
14,35,29,1.3687e+005,0.583,0.201
14,35,29,1.3691e+005,0.097,0.475
14,35,29,1.3695e+005,0.478,-0.397
14,35,29,1.3699e+005,0.166,0.364
14,35,29,1.3703e+005,0.039,-0.064
14,35,29,1.3707e+005,-0.571,0.299
14,35,29,1.3711e+005,-0.382,0.54
14,35,29,1.3715e+005,-0.836,-0.07
14,35,29,1.3719e+005,-0.261,0.31
14,35,29,1.3723e+005,-0.694,-0.338
14,35,29,1.3726e+005,-0.858,1.119
14,35,29,1.373e+005,-0.322,-0.999
14,35,29,1.3734e+005,-0.754,0.048
14,35,29,1.3738e+005,-0.267,0.205
14,35,29,1.3742e+005,-0.83,-0.584
14,35,29,1.3746e+005,-0.611,0.782
14,35,29,1.375e+005,-0.132,-0.992
14,35,29,1.3754e+005,-0.113,0.653
14,35,29,1.3758e+005,-0.368,0.142
14,35,29,1.3762e+005,0.197,-0.598
14,35,29,1.3766e+005,0.601,0.306
14,35,29,1.377e+005,0.187,-0.103
14,35,29,1.3773e+005,0.126,-0.172
14,35,29,1.3777e+005,0.456,-0.492
14,35,29,1.3781e+005,0.191,-0.279
14,35,29,1.3785e+005,0.439,0.335
14,35,29,1.3789e+005,0.45,-0.877
14,35,29,1.3793e+005,-0.2,0.271
14,35,29,1.3797e+005,0.269,-0.278
14,35,29,1.3801e+005,0.277,-0.773
14,35,29,1.3805e+005,0.422,0.671
14,35,29,1.3808e+005,-0.233,-0.564
14,35,29,1.3812e+005,0.01,0.273
14,35,29,1.3816e+005,-0.499,0.148
14,35,29,1.382e+005,0.434,-0.605
14,35,29,1.3824e+005,-0.388,0.379
14,35,29,1.3828e+005,0.004,-0.159
14,35,29,1.3832e+005,0.022,-0.809
14,35,29,1.3836e+005,-0.291,0.712
14,35,29,1.384e+005,0.565,-0.619
14,35,29,1.3844e+005,-0.154,0.237
14,35,29,1.3848e+005,0.388,0.124
14,35,29,1.3852e+005,0.348,-0.651
14,35,29,1.3855e+005,0.329,0.535
14,35,29,1.3859e+005,0.606,-0.813
14,35,29,1.3863e+005,0.358,0.481
14,35,29,1.3867e+005,0.242,0.476
14,35,29,1.3871e+005,0.577,-0.987
14,35,29,1.3875e+005,0.094,-0.118
14,35,29,1.3879e+005,0.567,-0.038
14,35,29,1.3883e+005,-0.075,0.359
14,35,29,1.3887e+005,0.574,-0.084
14,35,29,1.3891e+005,0.104,-0.599
14,35,29,1.3894e+005,1.026,-0.142
14,35,29,1.3898e+005,0.578,-0.685
14,35,29,1.3902e+005,0.488,0.557
14,35,29,1.3906e+005,0.39,-0.294
14,35,29,1.391e+005,0.879,-0.246
14,35,29,1.3914e+005,0.453,-0.18
14,35,29,1.3918e+005,0.426,-0.694
14,35,29,1.3922e+005,-0.038,0.643
14,35,29,1.3926e+005,-0.118,0.504
14,35,29,1.393e+005,-0.123,-0.294
14,35,29,1.3934e+005,-0.371,0.129
14,35,29,1.3937e+005,-0.301,-0.349
14,35,29,1.3941e+005,-0.43,0.172
14,35,29,1.3945e+005,-0.866,0.424
14,35,29,1.3949e+005,-0.039,-0.695
14,35,29,1.3953e+005,-0.359,-0.118
14,35,29,1.3957e+005,0.174,0.156
14,35,29,1.3961e+005,0.164,-0.445
14,35,29,1.3965e+005,0.329,0.269
14,35,29,1.3969e+005,0.939,-0.984
14,35,29,1.3973e+005,0.038,0.92
14,35,29,1.3976e+005,0.475,-0.275
14,35,29,1.398e+005,-0.333,-0.601
14,35,29,1.3984e+005,0.224,1.118
14,35,29,1.3988e+005,-0.016,-0.709
14,35,29,1.3992e+005,-0.28,0.837
14,35,29,1.3996e+005,-0.073,-0.335
14,35,29,1.4e+005,0.55,-0.284
14,35,29,1.4004e+005,0.011,1.25
14,35,29,1.4008e+005,1.105,-0.907
14,35,29,1.4012e+005,-0.115,0.541
14,35,29,1.4016e+005,0.479,0.191
14,35,29,1.402e+005,0.315,-1.287
14,35,29,1.4023e+005,0.042,0.812
14,35,29,1.4027e+005,0.607,-1.388
14,35,29,1.4031e+005,0.533,0.314
14,35,29,1.4035e+005,0.745,0.483
14,35,29,1.4039e+005,1.566,-1.205
14,35,29,1.4043e+005,1.02,1.133
14,35,29,1.4047e+005,2.119,-0.835
14,35,29,1.4051e+005,1.731,0.06
14,35,29,1.4055e+005,1.189,1.274
14,35,29,1.4058e+005,0.66,-0.919
14,35,29,1.4062e+005,-0.051,0.719
14,35,29,1.4066e+005,-0.395,-0.313
14,35,29,1.407e+005,-0.216,-0.122
14,35,29,1.4074e+005,-1.361,1.343
14,35,29,1.4078e+005,-0.573,-0.92
14,35,29,1.4082e+005,-0.837,-0.032
14,35,29,1.4086e+005,-0.669,0.474
14,35,29,1.409e+005,-0.5,-0.791
14,35,29,1.4094e+005,-1.118,0.554
14,35,29,1.4098e+005,-0.978,-0.051
14,35,29,1.4102e+005,-1.426,0.45
14,35,29,1.4105e+005,-1.633,0.627
14,35,29,1.4109e+005,-1.274,-0.273
14,35,29,1.4113e+005,-1.48,0.77
14,35,29,1.4117e+005,-0.766,0.192
14,35,29,1.4121e+005,-0.776,-0.146
14,35,29,1.4125e+005,-0.564,0.31
14,35,29,1.4129e+005,-0.038,-0.508
14,35,29,1.4133e+005,-0.524,0.67
14,35,29,1.4137e+005,-0.55,0.15
14,35,29,1.4141e+005,-0.461,-0.63
14,35,29,1.4144e+005,-0.47,0.441
14,35,29,1.4148e+005,-0.674,0.021
14,35,29,1.4152e+005,-0.815,0.612
14,35,29,1.4156e+005,0.044,-0.625
14,35,29,1.416e+005,-0.287,0.306
14,35,29,1.4164e+005,0.137,0.436
14,35,29,1.4168e+005,-0.529,-0.376
14,35,29,1.4172e+005,-0.503,0.802
14,35,29,1.4176e+005,0.204,-0.859
14,35,29,1.418e+005,-0.698,0.85
14,35,29,1.4184e+005,-0.427,0.014
14,35,29,1.4187e+005,-1.128,-0.58
14,35,29,1.4191e+005,-0.452,0.838
14,35,29,1.4195e+005,-0.176,-1.039
14,35,29,1.4199e+005,-0.024,0.477
14,35,29,1.4203e+005,0.073,-0.366
14,35,29,1.4207e+005,-0.114,0.226
14,35,29,1.4211e+005,0.543,0.123
14,35,29,1.4215e+005,0.678,-0.71
14,35,29,1.4219e+005,0.823,0.676
14,35,29,1.4223e+005,0.241,0.461
14,35,29,1.4226e+005,0.195,-0.302
14,35,29,1.423e+005,0.654,-0.765
14,35,29,1.4234e+005,0.208,0.408
14,35,29,1.4238e+005,0.544,0.341
14,35,29,1.4242e+005,-0.625,0.097
14,35,29,1.4246e+005,0.386,-0.203
14,35,29,1.425e+005,-0.07,-0.49
14,35,29,1.4254e+005,0.013,0.713
14,35,29,1.4258e+005,0.045,-0.856
14,35,29,1.4262e+005,-0.805,1.013
14,35,29,1.4266e+005,0.313,-0.473
14,35,29,1.427e+005,-0.948,-0.168
14,35,29,1.4273e+005,0.294,0.475
14,35,29,1.4277e+005,-0.681,-0.817
14,35,29,1.4281e+005,0.239,1.197
14,35,29,1.4285e+005,-0.805,-0.638
14,35,29,1.4289e+005,-0.177,0.233
14,35,29,1.4293e+005,-0.329,-0.144
14,35,29,1.4297e+005,-0.487,0.718
14,35,29,1.4301e+005,-0.489,0.082
14,35,29,1.4305e+005,-0.465,-0.779
14,35,29,1.4308e+005,-0.057,0.455
14,35,29,1.4312e+005,-0.15,-0.189
14,35,29,1.4316e+005,-0.183,0.804
14,35,29,1.432e+005,0.302,-0.431
14,35,29,1.4324e+005,0.349,-0.412
14,35,29,1.4328e+005,0.907,0.755
14,35,29,1.4332e+005,0.292,-0.722
14,35,29,1.4336e+005,0.734,0.65
14,35,29,1.434e+005,-0.154,-0.3
14,35,29,1.4344e+005,0.171,0.134
14,35,29,1.4348e+005,0.146,-0.614
14,35,29,1.4352e+005,-0.984,0.387
14,35,29,1.4355e+005,-0.129,0.742
14,35,29,1.4359e+005,0.107,-1.171
14,35,29,1.4363e+005,-0.448,0.979
14,35,29,1.4367e+005,-0.317,-0.432
14,35,29,1.4371e+005,0.685,-0.564
14,35,29,1.4375e+005,-0.277,0.673
14,35,29,1.4379e+005,0.803,-0.236
14,35,29,1.4383e+005,0.026,-0.438
14,35,29,1.4387e+005,0.254,0.142
14,35,29,1.4391e+005,0.32,-0.686
14,35,29,1.4394e+005,0.543,0.666
14,35,29,1.4398e+005,0.48,0.099
14,35,29,1.4402e+005,0.734,-0.554
14,35,29,1.4406e+005,0.758,0.302
14,35,29,1.441e+005,1.465,-0.544
14,35,29,1.4414e+005,1.235,0.351
14,35,29,1.4418e+005,1.017,0.397
14,35,29,1.4422e+005,1.082,-0.837
14,35,29,1.4426e+005,0.793,0.102
14,35,29,1.443e+005,0.954,-0.376
14,35,29,1.4434e+005,0.494,0.505
14,35,29,1.4437e+005,0.62,-0.806
14,35,29,1.4441e+005,0.465,-0.163
14,35,29,1.4445e+005,0.485,0.135
14,35,29,1.4449e+005,0.259,-0.62
14,35,29,1.4453e+005,-0.219,0.872
14,35,29,1.4457e+005,-0.247,-0.198
14,35,29,1.4461e+005,-0.441,-0.069
14,35,29,1.4465e+005,-0.938,0.217
14,35,29,1.4469e+005,-0.611,-0.294
14,35,29,1.4473e+005,-1.092,0.798
14,35,29,1.4476e+005,-0.173,-0.61
14,35,29,1.448e+005,-0.267,-0.407
14,35,29,1.4484e+005,-0.164,0.638
14,35,29,1.4488e+005,0.105,-0.885
14,35,29,1.4492e+005,0.016,0.288
14,35,29,1.4496e+005,0.4,-0.397
14,35,29,1.45e+005,0.261,-0.669
14,35,29,1.4504e+005,0.106,0.035
14,35,29,1.4508e+005,0.314,-0.786
14,35,29,1.4512e+005,0.984,0.17
14,35,29,1.4516e+005,1.089,-0.28
14,35,29,1.452e+005,0.824,-0.421
14,35,29,1.4523e+005,0.337,0.709
14,35,29,1.4527e+005,0.247,-0.034
14,35,29,1.4531e+005,0.012,-0.109
14,35,29,1.4535e+005,-0.844,1.066
14,35,29,1.4539e+005,-1.069,-0.184
14,35,29,1.4543e+005,-1.665,-0.14
14,35,29,1.4547e+005,-0.942,0.016
14,35,29,1.4551e+005,-1.044,-0.105
14,35,29,1.4555e+005,-1.266,0.532
14,35,29,1.4558e+005,-0.714,-0.837
14,35,29,1.4562e+005,-1.073,0.214
14,35,29,1.4566e+005,-0.442,0.175
14,35,29,1.457e+005,-0.969,-0.469
14,35,29,1.4574e+005,-0.874,1.009
14,35,29,1.4578e+005,-0.454,-0.446
14,35,29,1.4582e+005,-0.424,0.407
14,35,29,1.4586e+005,0.041,0.188
14,35,29,1.459e+005,0.143,-0.145
14,35,29,1.4594e+005,0.149,1.154
14,35,29,1.4598e+005,0.65,-0.789
14,35,29,1.4602e+005,-0.013,0.166
14,35,29,1.4605e+005,0.493,0.071
14,35,29,1.4609e+005,0.176,-0.53
14,35,29,1.4613e+005,-0.102,1.488
14,35,29,1.4617e+005,0.513,-1.595
14,35,29,1.4621e+005,0.245,0.09
14,35,29,1.4625e+005,0.92,-0.212
14,35,29,1.4629e+005,1.186,-0.532
14,35,29,1.4633e+005,1.154,0.921
14,35,29,1.4637e+005,1.377,-0.907
14,35,29,1.4641e+005,1.408,0.135
14,35,29,1.4644e+005,1.313,0.075
14,35,29,1.4648e+005,1.422,-0.014
14,35,29,1.4652e+005,1.118,0.522
14,35,29,1.4656e+005,1.043,0.049
14,35,29,1.466e+005,0.953,-0.057
14,35,29,1.4664e+005,0.411,-0.144
14,35,29,1.4668e+005,0.478,0.24
14,35,29,1.4672e+005,-0.236,0.447
14,35,29,1.4676e+005,-0.564,-0.119
14,35,29,1.468e+005,-1.233,0.168
14,35,29,1.4684e+005,-0.889,-0.078
14,35,29,1.4687e+005,-0.925,-0.449
14,35,29,1.4691e+005,-1.103,0.885
14,35,29,1.4695e+005,-1.013,0.039
14,35,29,1.4699e+005,-0.461,-0.26
14,35,29,1.4703e+005,-0.372,0.068
14,35,29,1.4707e+005,0.336,-0.54
14,35,29,1.4711e+005,-0.078,0.454
14,35,29,1.4715e+005,-0.023,0.582
14,35,29,1.4719e+005,0.275,-0.906
14,35,29,1.4723e+005,0.266,0.39
14,35,29,1.4726e+005,0.27,-0.094
14,35,29,1.473e+005,0.155,0.167
14,35,29,1.4734e+005,-0.034,0.312
14,35,29,1.4738e+005,0.255,-0.681
14,35,29,1.4742e+005,0.219,0.089
14,35,29,1.4746e+005,0.159,-0.391
14,35,29,1.475e+005,0.293,0.166
14,35,29,1.4754e+005,0.125,0.041
14,35,29,1.4758e+005,0.235,-0.652
14,35,29,1.4762e+005,0.122,-0.143
14,35,29,1.4766e+005,0.06,-0.114
14,35,29,1.477e+005,-0.451,0.385
14,35,29,1.4773e+005,-0.192,-0.457
14,35,29,1.4777e+005,-0.342,0.258
14,35,29,1.4781e+005,0.606,-0.188
14,35,29,1.4785e+005,0.394,-0.416
14,35,29,1.4789e+005,0.057,1.312
14,35,29,1.4793e+005,1.289,-1.623
14,35,29,1.4797e+005,0.589,0.807
14,35,29,1.4801e+005,1.084,1.214
14,35,29,1.4805e+005,-0.101,-1.113
14,35,29,1.4808e+005,0.157,1.022
14,35,29,1.4812e+005,-0.425,-0.656
14,35,29,1.4816e+005,-0.04,0.126
14,35,29,1.482e+005,-1.268,0.767
14,35,29,1.4824e+005,-0.966,-0.181
14,35,29,1.4828e+005,-1.028,0.1
14,35,29,1.4832e+005,-0.881,0.123
14,35,29,1.4836e+005,-0.861,-0.161
14,35,29,1.484e+005,-1.379,1.287
14,35,29,1.4844e+005,-0.914,-0.499
14,35,29,1.4848e+005,-1.784,0.205
14,35,29,1.4852e+005,-1.307,-0.085
14,35,29,1.4855e+005,-1.73,-1.005
14,35,29,1.4859e+005,-1.333,1.062
14,35,29,1.4863e+005,-1.233,-0.342
14,35,29,1.4867e+005,-0.747,-0.169
14,35,29,1.4871e+005,-0.812,-0.595
14,35,29,1.4875e+005,0.358,-0.327
14,35,29,1.4879e+005,0.065,0.868
14,35,29,1.4883e+005,0.421,-0.143
14,35,29,1.4887e+005,0.027,-0.271
14,35,29,1.4891e+005,0.275,0.381
14,35,29,1.4894e+005,0.425,-0.365
14,35,29,1.4898e+005,0.087,0.633
14,35,29,1.4902e+005,0.228,-0.202
14,35,29,1.4906e+005,0.101,0.087
14,35,29,1.491e+005,0.208,-0.124
14,35,29,1.4914e+005,0.199,-0.225
14,35,29,1.4918e+005,0.618,0.313
14,35,29,1.4922e+005,0.449,-0.602
14,35,29,1.4926e+005,0.468,0.306
14,35,29,1.493e+005,0.006,-0.503
14,35,29,1.4934e+005,0.123,-0.137
14,35,29,1.4937e+005,0.362,0.19
14,35,29,1.4941e+005,-0.01,0.662
14,35,29,1.4945e+005,-0.15,0.348
14,35,29,1.4949e+005,-0.359,-0.861
14,35,29,1.4953e+005,0.086,0.56
14,35,29,1.4957e+005,1.145,-0.31
14,35,29,1.4961e+005,0.217,0.829
14,35,29,1.4965e+005,0.742,0.405
14,35,29,1.4969e+005,-0.453,-0.489
14,35,29,1.4973e+005,0.449,-0.684
14,35,29,1.4976e+005,-0.217,-0.592
14,35,29,1.498e+005,-0.444,1.63
14,35,29,1.4984e+005,-1.077,-0.478
14,35,29,1.4988e+005,-0.682,-0.402
14,35,29,1.4992e+005,-0.144,-0.267
14,35,29,1.4996e+005,0.237,-0.743
14,35,29,1.5e+005,0.194,0.413
14,35,29,1.5004e+005,-0.038,0.384
14,35,29,1.5008e+005,0.106,0.129
14,35,29,1.5012e+005,-0.004,-0.295
14,35,29,1.5016e+005,0.527,-0.88
14,35,29,1.502e+005,0.279,1.074
14,35,29,1.5023e+005,0.373,-0.446
14,35,29,1.5027e+005,0.423,-0.434
14,35,29,1.5031e+005,0.247,-0.398
14,35,29,1.5035e+005,0.769,-1.238
14,35,29,1.5039e+005,0.557,0.525
14,35,29,1.5043e+005,-0.028,-0.033
14,35,29,1.5047e+005,0.455,-0.603
14,35,29,1.5051e+005,-0.352,0.201
14,35,29,1.5055e+005,0.976,-0.642
14,35,29,1.5058e+005,-0.514,0.85
14,35,29,1.5062e+005,0.116,0.696
14,35,29,1.5066e+005,-0.348,-1.131
14,35,29,1.507e+005,-0.3,1.224
14,35,29,1.5074e+005,-0.292,-1.17
14,35,29,1.5078e+005,-0.372,0.509
14,35,29,1.5082e+005,-0.549,0.672
14,35,29,1.5086e+005,-0.294,-0.813
14,35,29,1.509e+005,-0.183,-0.087
14,35,29,1.5094e+005,-0.372,-0.517
14,35,29,1.5098e+005,0.137,0.116
14,35,29,1.5102e+005,-0.273,0.068
14,35,29,1.5105e+005,-0.151,-0.308
14,35,29,1.5109e+005,-0.235,-0.173
14,35,29,1.5113e+005,-0.18,0.167
14,35,29,1.5117e+005,0.258,-0.341
14,35,29,1.5121e+005,-0.239,0.082
14,35,29,1.5125e+005,0.078,0.046
14,35,29,1.5129e+005,-0.616,0.131
14,35,29,1.5133e+005,-0.285,0.361
14,35,29,1.5137e+005,0.157,-0.307
14,35,29,1.5141e+005,0.067,0.12
14,35,29,1.5144e+005,0.168,-0.262
14,35,29,1.5148e+005,-0.124,0.334
14,35,29,1.5152e+005,0.245,0.264
14,35,29,1.5156e+005,0.601,-0.953
14,35,29,1.516e+005,0.319,0.622
14,35,29,1.5164e+005,0.373,0.051
14,35,29,1.5168e+005,0.006,0.163
14,35,29,1.5172e+005,-0.105,0.839
14,35,29,1.5176e+005,0.276,-0.426
14,35,29,1.518e+005,-0.2,0.707
14,35,29,1.5184e+005,-0.222,-0.019
14,35,29,1.5187e+005,-0.082,-0.056
14,35,29,1.5191e+005,-0.297,0.698
14,35,29,1.5195e+005,0.146,-0.373
14,35,29,1.5199e+005,0.352,-0.356
14,35,29,1.5203e+005,0.15,0.765
14,35,29,1.5207e+005,0.685,-0.435
14,35,29,1.5211e+005,0.229,0.013
14,35,29,1.5215e+005,0.321,0.225
14,35,29,1.5219e+005,0.051,-0.013
14,35,29,1.5223e+005,0.053,0.392
14,35,29,1.5226e+005,0.134,-0.168
14,35,29,1.523e+005,0.123,0.427
14,35,29,1.5234e+005,0.352,-0.407
14,35,29,1.5238e+005,0.233,-0.164
14,35,29,1.5242e+005,0.653,0.173
14,35,29,1.5246e+005,-0.14,0.656
14,35,29,1.525e+005,-0.081,0.294
14,35,29,1.5254e+005,-0.44,-0.156
14,35,29,1.5258e+005,-0.194,0.557
14,35,29,1.5262e+005,-0.468,-0.114
14,35,29,1.5266e+005,-0.463,0.308
14,35,29,1.527e+005,-0.417,0.319
14,35,29,1.5273e+005,0.036,-0.491
14,35,29,1.5277e+005,0.231,0.021
14,35,29,1.5281e+005,-0.297,0.233
14,35,29,1.5285e+005,0.218,-0.155
14,35,29,1.5289e+005,0.115,0.114
14,35,29,1.5293e+005,0.295,0.536
14,35,29,1.5297e+005,-0.018,0.204
14,35,29,1.5301e+005,0.149,0.278
14,35,29,1.5305e+005,0.432,0.148
14,35,29,1.5308e+005,0.422,0.098
14,35,29,1.5312e+005,0.43,0.236
14,35,29,1.5316e+005,0.185,-0.098
14,35,29,1.532e+005,0.395,0.215
14,35,29,1.5324e+005,0.041,-0.296
14,35,29,1.5328e+005,0.074,0.021
14,35,29,1.5332e+005,-0.262,-0.43
14,35,29,1.5336e+005,-0.496,0.275
14,35,29,1.534e+005,-0.189,-0.271
14,35,29,1.5344e+005,-0.451,-0.057
14,35,29,1.5348e+005,0.143,0.301
14,35,29,1.5352e+005,-0.157,-0.39
14,35,29,1.5355e+005,0.578,0.191
14,35,29,1.5359e+005,-0.107,-0.223
14,35,29,1.5363e+005,0.619,0.104
14,35,29,1.5367e+005,0.295,0.106
14,35,29,1.5371e+005,0.675,-0.031
14,35,29,1.5375e+005,0.057,0.177
14,35,29,1.5379e+005,0.413,-0.586
14,35,29,1.5383e+005,0.234,-0.024
14,35,29,1.5387e+005,0.209,0.357
14,35,29,1.5391e+005,-0.122,-0.133
14,35,29,1.5394e+005,-0.477,0.054
14,35,29,1.5398e+005,0.405,-0.962
14,35,29,1.5402e+005,-0.107,0.229
14,35,29,1.5406e+005,-0.14,-0.082
14,35,29,1.541e+005,-0.191,-0.25
14,35,29,1.5414e+005,0.224,0.138
14,35,29,1.5418e+005,0.023,-0.892
14,35,29,1.5422e+005,-0.519,0.444
14,35,29,1.5426e+005,-0.586,-0.381
14,35,29,1.543e+005,-0.501,-0.594
14,35,29,1.5434e+005,-0.923,0.514
14,35,29,1.5437e+005,-0.798,-0.477
14,35,29,1.5441e+005,-0.769,0.14
14,35,29,1.5445e+005,-0.334,-0.321
14,35,29,1.5449e+005,0.118,-0.899
14,35,29,1.5453e+005,-0.167,0.383
14,35,29,1.5457e+005,0.436,-0.624
14,35,29,1.5461e+005,-0.015,0.589
14,35,29,1.5465e+005,0.418,-0.04
14,35,29,1.5469e+005,0.355,-0.785
14,35,29,1.5473e+005,0.224,1.04
14,35,29,1.5476e+005,0.6,-0.782
14,35,29,1.548e+005,0.033,0.54
14,35,29,1.5484e+005,0.685,-0.355
14,35,29,1.5488e+005,0.472,-0.597
14,35,29,1.5492e+005,0.241,0.634
14,35,29,1.5496e+005,0.631,-1.184
14,35,29,1.55e+005,-0.757,1.147
14,35,29,1.5504e+005,0.236,-0.127
14,35,29,1.5508e+005,-0.562,-1.135
14,35,29,1.5512e+005,0.093,1.459
14,35,29,1.5516e+005,-0.501,-0.86
14,35,29,1.552e+005,0.33,0.382
14,35,29,1.5523e+005,0.325,-0.144
14,35,29,1.5527e+005,0.06,0.177
14,35,29,1.5531e+005,0.502,-0.591
14,35,29,1.5535e+005,-0.274,0.623
14,35,29,1.5539e+005,0.364,-0.026
14,35,29,1.5543e+005,-0.849,-0.436
14,35,29,1.5547e+005,0.736,0.093
14,35,29,1.5551e+005,-0.427,0.065
14,35,29,1.5555e+005,1.037,0.194
14,35,29,1.5558e+005,0.499,-1.176
14,35,29,1.5562e+005,1.345,1.001
14,35,29,1.5566e+005,1.181,-0.388
14,35,29,1.557e+005,1.083,-0.331
14,35,29,1.5574e+005,1.729,0.231
14,35,29,1.5578e+005,0.797,-0.424
14,35,29,1.5582e+005,1.006,0.794
14,35,29,1.5586e+005,0.373,-0.999
14,35,29,1.559e+005,0.403,0.615
14,35,29,1.5594e+005,-0.108,0.075
14,35,29,1.5598e+005,-0.296,-0.23
14,35,29,1.5602e+005,-0.732,0.5
14,35,29,1.5605e+005,-0.561,-0.63
14,35,29,1.5609e+005,-0.454,0.465
14,35,29,1.5613e+005,-0.931,0.147
14,35,29,1.5617e+005,-0.055,-0.45
14,35,29,1.5621e+005,-0.787,0.685
14,35,29,1.5625e+005,0.593,-1.071
14,35,29,1.5629e+005,-0.232,-0.009
14,35,29,1.5633e+005,0.559,0.642
14,35,29,1.5637e+005,0.69,-1.421
14,35,29,1.5641e+005,0.674,0.674
14,35,29,1.5644e+005,1.146,-0.54
14,35,29,1.5648e+005,1.684,-0.365
14,35,29,1.5652e+005,1.471,0.857
14,35,29,1.5656e+005,1.523,-0.198
14,35,29,1.566e+005,1.09,0.826
14,35,29,1.5664e+005,0.891,0.114
14,35,29,1.5668e+005,0.857,-0.015
14,35,29,1.5672e+005,-0.158,0.821
14,35,29,1.5676e+005,-0.113,-0.43
14,35,29,1.568e+005,-0.951,0.602
14,35,29,1.5684e+005,-0.591,-0.412
14,35,29,1.5687e+005,-1.166,-0.179
14,35,29,1.5691e+005,-1.155,0.619
14,35,29,1.5695e+005,-1.35,-0.801
14,35,29,1.5699e+005,-1.56,0.682
14,35,29,1.5703e+005,-1.631,-0.001
14,35,29,1.5707e+005,-1.804,0.248
14,35,29,1.5711e+005,-1.221,0.194
14,35,29,1.5715e+005,-1.473,-0.164
14,35,29,1.5719e+005,-0.85,0.922
14,35,29,1.5723e+005,-0.555,-0.832
14,35,29,1.5726e+005,-0.032,0.548
14,35,29,1.573e+005,-0.085,0.203
14,35,29,1.5734e+005,0.088,0.037
14,35,29,1.5738e+005,0.184,0.078
14,35,29,1.5742e+005,0.186,-0.43
14,35,29,1.5746e+005,0.229,0.616
14,35,29,1.575e+005,-0.109,-0.165
14,35,29,1.5754e+005,0.657,-0.424
14,35,29,1.5758e+005,-0.104,0.271
14,35,29,1.5762e+005,0.754,-0.228
14,35,29,1.5766e+005,-0.244,-0.141
14,35,29,1.577e+005,0.215,0.547
14,35,29,1.5773e+005,-0.391,0.007
14,35,29,1.5777e+005,-0.482,0.125
14,35,29,1.5781e+005,-0.756,-0.225
14,35,29,1.5785e+005,-0.839,0.223
14,35,29,1.5789e+005,-0.834,0.135
14,35,29,1.5793e+005,-0.87,-0.364
14,35,29,1.5797e+005,-0.716,0.312
14,35,29,1.5801e+005,-1.012,0.158
14,35,29,1.5805e+005,-0.289,-0.109
14,35,29,1.5808e+005,-0.978,0.281
14,35,29,1.5812e+005,-0.148,0.138
14,35,29,1.5816e+005,-0.963,0.03
14,35,29,1.582e+005,-0.368,0.112
14,35,29,1.5824e+005,-0.221,-0.538
14,35,29,1.5828e+005,-0.262,0.752
14,35,29,1.5832e+005,-0.284,0.256
14,35,29,1.5836e+005,-0.408,-0.027
14,35,29,1.584e+005,-0.134,0.505
14,35,29,1.5844e+005,-0.249,-0.187
14,35,29,1.5848e+005,-0.028,0.526
14,35,29,1.5852e+005,-0.468,0.37
14,35,29,1.5855e+005,0.018,0.023
14,35,29,1.5859e+005,0.003,-0.584
14,35,29,1.5863e+005,0.474,-0.034
14,35,29,1.5867e+005,0.35,0.365
14,35,29,1.5871e+005,0.274,0.048
14,35,29,1.5875e+005,0.363,0.215
14,35,29,1.5879e+005,0.048,-0.7
14,35,29,1.5883e+005,-0.022,0.513
14,35,29,1.5887e+005,0.002,0.062
14,35,29,1.5891e+005,-0.596,0.79
14,35,29,1.5894e+005,-0.17,-0.003
14,35,29,1.5898e+005,0.059,-1.263
14,35,29,1.5902e+005,-0.091,0.757
14,35,29,1.5906e+005,0.09,0.304
14,35,29,1.591e+005,-0.14,-0.454
14,35,29,1.5914e+005,-0.161,0.284
14,35,29,1.5918e+005,0.357,-0.394
14,35,29,1.5922e+005,0.456,-0.817
14,35,29,1.5926e+005,0.05,1.107
14,35,29,1.593e+005,1.273,-0.687
14,35,29,1.5934e+005,0.362,0.239
14,35,29,1.5937e+005,1.72,0.179
14,35,29,1.5941e+005,1.462,-1.013
14,35,29,1.5945e+005,0.929,2.208
14,35,29,1.5949e+005,1.415,-1.236
14,35,29,1.5953e+005,0.353,0.017
14,35,29,1.5957e+005,0.352,1.18
14,35,29,1.5961e+005,-0.179,-1.363
14,35,29,1.5965e+005,-0.287,1.335
14,35,29,1.5969e+005,-0.204,-1.016
14,35,29,1.5973e+005,-0.244,-0.136
14,35,29,1.5976e+005,-0.908,1.163
14,35,29,1.598e+005,0.091,-1.483
14,35,29,1.5984e+005,-0.489,1.096
14,35,29,1.5988e+005,0.394,-0.608
14,35,29,1.5992e+005,0.024,-0.499
14,35,29,1.5996e+005,-0.365,1.278
14,35,29,1.6e+005,0.676,-1.789
14,35,29,1.6004e+005,0.707,0.383
14,35,29,1.6008e+005,0.355,0.463
14,35,29,1.6012e+005,0.94,-1.082
14,35,29,1.6016e+005,0.207,0.281
14,35,29,1.602e+005,0.577,-0.053
14,35,29,1.6023e+005,0.266,-0.187
14,35,29,1.6027e+005,-0.197,0.227
14,35,29,1.6031e+005,0.129,-0.916
14,35,29,1.6035e+005,-0.261,0.219
14,35,29,1.6039e+005,-0.081,-0.332
14,35,29,1.6043e+005,0.012,-0.607
14,35,29,1.6047e+005,-0.063,0.475
14,35,29,1.6051e+005,0.063,-0.408
14,35,29,1.6055e+005,-0.082,-0.514
14,35,29,1.6058e+005,-0.386,0.173
14,35,29,1.6062e+005,-0.079,-0.109
14,35,29,1.6066e+005,-0.24,-0.322
14,35,29,1.607e+005,0.139,-0.376
14,35,29,1.6074e+005,0.464,-0.014
14,35,29,1.6078e+005,0.297,-0.226
14,35,29,1.6082e+005,0.81,-1.098
14,35,29,1.6086e+005,0.907,0.217
14,35,29,1.609e+005,0.715,0.26
14,35,29,1.6094e+005,1.096,-0.551
14,35,29,1.6098e+005,1.245,-0.348
14,35,29,1.6102e+005,1.784,-0.173
14,35,29,1.6105e+005,0.63,0.174
14,35,29,1.6109e+005,0.656,-0.05
14,35,29,1.6113e+005,0.199,0.001
14,35,29,1.6117e+005,-0.295,0.64
14,35,29,1.6121e+005,-0.644,-0.233
14,35,29,1.6125e+005,-1.604,0.323
14,35,29,1.6129e+005,-1.925,0.768
14,35,29,1.6133e+005,-1.619,-0.482
14,35,29,1.6137e+005,-1.736,-0.204
14,35,29,1.6141e+005,-1.424,0.365
14,35,29,1.6144e+005,-1.49,-0.053
14,35,29,1.6148e+005,-1.409,-0.358
14,35,29,1.6152e+005,-1.503,-0.034
14,35,29,1.6156e+005,-1.367,-0.388
14,35,29,1.616e+005,-1.051,-0.655
14,35,29,1.6164e+005,-1.375,0.952
14,35,29,1.6168e+005,-1.242,0.402
14,35,29,1.6172e+005,-0.477,-0.603
14,35,29,1.6176e+005,0.018,0.079
14,35,29,1.618e+005,0.103,0.785
14,35,29,1.6184e+005,0.301,0.672
14,35,29,1.6187e+005,0.358,-0.086
14,35,29,1.6191e+005,0.656,0.466
14,35,29,1.6195e+005,0.317,0.862
14,35,29,1.6199e+005,0.444,-0.47
14,35,29,1.6203e+005,-0.147,0.445
14,35,29,1.6207e+005,0.133,0.228
14,35,29,1.6211e+005,0.012,-0.673
14,35,29,1.6215e+005,-0.108,0.044
14,35,29,1.6219e+005,-0.366,-0.172
14,35,29,1.6223e+005,-0.204,-0.273
14,35,29,1.6226e+005,-0.662,0.019
14,35,29,1.623e+005,0.097,-0.504
14,35,29,1.6234e+005,-0.693,0.375
14,35,29,1.6238e+005,-0.141,0.67
14,35,29,1.6242e+005,-0.935,0.229
14,35,29,1.6246e+005,-0.402,0.365
14,35,29,1.625e+005,-0.428,-0.926
14,35,29,1.6254e+005,-0.542,0.606
14,35,29,1.6258e+005,-0.501,-0.34
14,35,29,1.6262e+005,-0.616,-0.483
14,35,29,1.6266e+005,-0.559,-0.174
14,35,29,1.627e+005,0.102,-0.954
14,35,29,1.6273e+005,0.409,-0.201
14,35,29,1.6277e+005,0.641,-0.126
14,35,29,1.6281e+005,0.552,-0.002
14,35,29,1.6285e+005,0.968,-0.476
14,35,29,1.6289e+005,1.379,-0.422
14,35,29,1.6293e+005,1.296,0.534
14,35,29,1.6297e+005,0.728,0.551
14,35,29,1.6301e+005,0.355,-0.131
14,35,29,1.6305e+005,0.232,-0.269
14,35,29,1.6308e+005,0.065,0.219
14,35,29,1.6312e+005,0.154,-0.124
14,35,29,1.6316e+005,-0.418,0.356
14,35,29,1.632e+005,0.159,-0.06
14,35,29,1.6324e+005,0.169,-0.698
14,35,29,1.6328e+005,0.477,-0.238
14,35,29,1.6332e+005,-0.07,-0.001
14,35,29,1.6336e+005,0.286,-0.17
14,35,29,1.634e+005,-0.051,-0.22
14,35,29,1.6344e+005,0.018,0.094
14,35,29,1.6348e+005,-0.079,0.023
14,35,29,1.6352e+005,-0.523,0.896
14,35,29,1.6355e+005,0.62,-0.67
14,35,29,1.6359e+005,0.104,1.041
14,35,29,1.6363e+005,0.876,0.456
14,35,29,1.6367e+005,0.577,-0.209
14,35,29,1.6371e+005,1.248,0.667
14,35,29,1.6375e+005,1.132,-0.19
14,35,29,1.6379e+005,1.584,-0.395
14,35,29,1.6383e+005,0.926,-0.111
14,35,29,1.6387e+005,1.346,0.582
14,35,29,1.6391e+005,0.832,-0.607
14,35,29,1.6394e+005,0.845,0.404
14,35,29,1.6398e+005,0.253,-0.308
14,35,29,1.6402e+005,0.248,0.184
14,35,29,1.6406e+005,-0.595,0.097
14,35,29,1.641e+005,-0.859,0.275
14,35,29,1.6414e+005,-1.116,-0.005
14,35,29,1.6418e+005,-1.665,0.39
14,35,29,1.6422e+005,-1.144,-0.109
14,35,29,1.6426e+005,-1.832,0.193
14,35,29,1.643e+005,-1.11,0.213
14,35,29,1.6434e+005,-1.293,-1.133
14,35,29,1.6437e+005,-0.933,1.306
14,35,29,1.6441e+005,-0.77,-0.428
14,35,29,1.6445e+005,-0.371,0.192
14,35,29,1.6449e+005,0.136,0.016
14,35,29,1.6453e+005,0.452,-0.439
14,35,29,1.6457e+005,0.739,0.796
14,35,29,1.6461e+005,0.609,-0.178
14,35,29,1.6465e+005,1.064,-0.092
14,35,29,1.6469e+005,1.008,-0.284
14,35,29,1.6473e+005,0.652,0.109
14,35,29,1.6476e+005,0.62,-0.357
14,35,29,1.648e+005,-0.081,0.338
14,35,29,1.6484e+005,0.558,-0.352
14,35,29,1.6488e+005,-0.352,0.008
14,35,29,1.6492e+005,0.138,-0.526
14,35,29,1.6496e+005,-0.371,-0.483
14,35,29,1.65e+005,0.127,0.307
14,35,29,1.6504e+005,-0.358,-0.899
14,35,29,1.6508e+005,-0.164,0.336
14,35,29,1.6512e+005,-0.558,-0.227
14,35,29,1.6516e+005,0.213,-0.174
14,35,29,1.652e+005,-0.893,1.125
14,35,29,1.6523e+005,0.676,-0.599
14,35,29,1.6527e+005,0.136,-0.327
14,35,29,1.6531e+005,0.301,1.478
14,35,29,1.6535e+005,0.532,-1.225
14,35,29,1.6539e+005,0.965,0.542
14,35,29,1.6543e+005,0.539,0.184
14,35,29,1.6547e+005,0.169,-0.061
14,35,29,1.6551e+005,-0.449,0.693
14,35,29,1.6555e+005,-0.381,-1.044
14,35,29,1.6558e+005,-0.144,0.418
14,35,29,1.6562e+005,-0.674,-0.088
