9,19,36,1.5004e+05,0.061,0.34
9,19,36,1.5008e+05,-0.021,-0.092
9,19,36,1.5012e+05,-0.024,-0.257
9,19,36,1.5016e+05,-0.34,0.618
9,19,36,1.502e+05,-0.104,0.234
9,19,36,1.5023e+05,-0.512,0.755
9,19,36,1.5027e+05,-0.242,-0.469
9,19,36,1.5031e+05,0.039,-0.088
9,19,36,1.5035e+05,-0.223,0.955
9,19,36,1.5039e+05,1.395,-1.095
9,19,36,1.5043e+05,0.09,0.568
9,19,36,1.5047e+05,0.75,-1.466
9,19,36,1.5051e+05,-0.854,1.301
9,19,36,1.5055e+05,-0.49,0.024
9,19,36,1.5058e+05,0.071,-0.42
9,19,36,1.5062e+05,0.144,1.12
9,19,36,1.5066e+05,1.935,-1.344
9,19,36,1.507e+05,-0.875,1.859
9,19,36,1.5074e+05,-0.311,-1.111
9,19,36,1.5078e+05,-1.863,1.077
9,19,36,1.5082e+05,-0.057,-0.299
9,19,36,1.5086e+05,0.71,-0.818
9,19,36,1.509e+05,0.693,0.449
9,19,36,1.5094e+05,0.934,-1.701
9,19,36,1.5098e+05,-1.243,2.268
9,19,36,1.5102e+05,-0.378,-0.773
9,19,36,1.5105e+05,-1.457,1.209
9,19,36,1.5109e+05,0.699,-0.784
9,19,36,1.5113e+05,0.475,0.048
9,19,36,1.5117e+05,0.228,0.436
9,19,36,1.5121e+05,0.237,-0.898
9,19,36,1.5125e+05,-1.196,0.59
9,19,36,1.5129e+05,0.204,-1.195
9,19,36,1.5133e+05,-0.342,1.132
9,19,36,1.5137e+05,1.008,-0.387
9,19,36,1.5141e+05,0.106,0.426
9,19,36,1.5144e+05,0.201,-0.36
9,19,36,1.5148e+05,0.315,-0.54
9,19,36,1.5152e+05,-0.451,0.934
9,19,36,1.5156e+05,0.325,-0.654
9,19,36,1.516e+05,-0.303,1.037
9,19,36,1.5164e+05,0.477,-0.782
9,19,36,1.5168e+05,-0.324,0.627
9,19,36,1.5172e+05,0.064,0.064
9,19,36,1.5176e+05,-0.534,-0.045
9,19,36,1.518e+05,-0.823,-0.002
9,19,36,1.5184e+05,-0.544,-0.292
9,19,36,1.5187e+05,-0.393,0.328
9,19,36,1.5191e+05,-0.383,0.29
9,19,36,1.5195e+05,-0.066,-0.677
9,19,36,1.5199e+05,-0.898,0.329
9,19,36,1.5203e+05,-0.018,0.024
9,19,36,1.5207e+05,-0.249,0.266
9,19,36,1.5211e+05,0.805,-0.695
9,19,36,1.5215e+05,0.806,-0.133
9,19,36,1.5219e+05,0.211,0.045
9,19,36,1.5223e+05,0.61,-0.554
9,19,36,1.5226e+05,-0.425,1.018
9,19,36,1.523e+05,0.299,-1.037
9,19,36,1.5234e+05,0.27,0.263
9,19,36,1.5238e+05,-0.033,0.715
9,19,36,1.5242e+05,0.811,-0.898
9,19,36,1.5246e+05,-0.869,1.043
9,19,36,1.525e+05,0.323,-1.439
9,19,36,1.5254e+05,-0.771,0.924
9,19,36,1.5258e+05,-0.244,0.038
9,19,36,1.5262e+05,0.451,-0.952
9,19,36,1.5266e+05,-0.207,0.57
9,19,36,1.527e+05,0.91,-1.803
9,19,36,1.5273e+05,-0.306,1.611
9,19,36,1.5277e+05,0.625,-0.649
9,19,36,1.5281e+05,-0.079,-0.081
9,19,36,1.5285e+05,-0.383,-0.156
9,19,36,1.5289e+05,-0.169,-0.028
9,19,36,1.5293e+05,-0.182,1.3
9,19,36,1.5297e+05,0.988,-0.842
9,19,36,1.5301e+05,0.621,-0.365
9,19,36,1.5305e+05,0.587,-0.504
9,19,36,1.5308e+05,0.493,-0.015
9,19,36,1.5312e+05,-0.636,0.253
9,19,36,1.5316e+05,0.446,-1.079
9,19,36,1.532e+05,-0.425,0.89
9,19,36,1.5324e+05,0.543,-0.315
9,19,36,1.5328e+05,-0.147,0.92
9,19,36,1.5332e+05,-0.14,-0.197
9,19,36,1.5336e+05,0.101,-0.573
9,19,36,1.534e+05,-0.34,1.338
9,19,36,1.5344e+05,1.115,-1.942
9,19,36,1.5348e+05,-0.339,1.108
9,19,36,1.5352e+05,0.993,-1.739
9,19,36,1.5355e+05,-0.553,1.437
9,19,36,1.5359e+05,0.579,-0.397
9,19,36,1.5363e+05,-0.629,0.173
9,19,36,1.5367e+05,-0.187,-0.119
9,19,36,1.5371e+05,-0.192,-0.52
9,19,36,1.5375e+05,0.57,0.285
9,19,36,1.5379e+05,0.158,-0.265
9,19,36,1.5383e+05,-0.335,0.824
9,19,36,1.5387e+05,0.12,-1.272
9,19,36,1.5391e+05,-1.201,2.02
9,19,36,1.5394e+05,0.36,-1.25
9,19,36,1.5398e+05,-0.135,0.51
9,19,36,1.5402e+05,1.124,-1.319
9,19,36,1.5406e+05,0.618,-0.383
9,19,36,1.541e+05,0.17,0.3
9,19,36,1.5414e+05,0,-0.513
9,19,36,1.5418e+05,-0.572,0.567
9,19,36,1.5422e+05,0.25,-0.324
9,19,36,1.5426e+05,0.348,1.349
9,19,36,1.543e+05,1.372,-0.43
9,19,36,1.5434e+05,0.413,0.038
9,19,36,1.5437e+05,0.144,-0.28
9,19,36,1.5441e+05,-0.067,-0.251
9,19,36,1.5445e+05,-0.263,0.903
9,19,36,1.5449e+05,1.049,-0.825
9,19,36,1.5453e+05,0.668,0.059
9,19,36,1.5457e+05,0.721,-0.461
9,19,36,1.5461e+05,0.892,-0.696
9,19,36,1.5465e+05,-0.951,1.198
9,19,36,1.5469e+05,0.603,-1.381
9,19,36,1.5473e+05,-0.559,1.284
9,19,36,1.5476e+05,0.418,0.258
9,19,36,1.548e+05,0.614,-0.845
9,19,36,1.5484e+05,-0.567,1.299
9,19,36,1.5488e+05,0.826,-2.059
9,19,36,1.5492e+05,-1.517,1.975
9,19,36,1.5496e+05,0.158,-1.512
9,19,36,1.55e+05,-0.875,1.045
9,19,36,1.5504e+05,0.36,-0.301
9,19,36,1.5508e+05,0.538,-0.35
9,19,36,1.5512e+05,-0.185,0.479
9,19,36,1.5516e+05,-0.48,-0.46
9,19,36,1.552e+05,-0.239,0.488
9,19,36,1.5523e+05,-0.335,0.005
9,19,36,1.5527e+05,0.637,-0.265
9,19,36,1.5531e+05,0.339,0.313
9,19,36,1.5535e+05,0.266,0.281
9,19,36,1.5539e+05,-0.23,0.519
9,19,36,1.5543e+05,-0.126,0.221
9,19,36,1.5547e+05,-0.066,-0.692
9,19,36,1.5551e+05,-0.278,0.731
9,19,36,1.5555e+05,0.223,-1.062
9,19,36,1.5558e+05,-0.228,0.891
9,19,36,1.5562e+05,0.284,-0.913
9,19,36,1.5566e+05,0.007,0.434
9,19,36,1.557e+05,-0.261,-0.028
9,19,36,1.5574e+05,-0.39,0.098
9,19,36,1.5578e+05,-0.833,0.956
9,19,36,1.5582e+05,-0.143,-0.215
9,19,36,1.5586e+05,-0.313,0.585
9,19,36,1.559e+05,0.4,-0.59
9,19,36,1.5594e+05,-0.04,0.433
9,19,36,1.5598e+05,0.174,-0.313
9,19,36,1.5602e+05,-0.005,-0.103
9,19,36,1.5605e+05,0.466,-0.201
9,19,36,1.5609e+05,-0.108,0.381
9,19,36,1.5613e+05,0.69,0.017
9,19,36,1.5617e+05,-0.045,0.27
9,19,36,1.5621e+05,0.779,-0.284
9,19,36,1.5625e+05,0.36,-0.224
9,19,36,1.5629e+05,-0.34,1.18
9,19,36,1.5633e+05,0.041,-1.182
9,19,36,1.5637e+05,-1.393,1.86
9,19,36,1.5641e+05,0.192,-1
9,19,36,1.5644e+05,-0.328,1.137
9,19,36,1.5648e+05,0.772,-1.324
9,19,36,1.5652e+05,-0.612,0.476
9,19,36,1.5656e+05,-0.207,-0.259
9,19,36,1.566e+05,-0.773,-0.22
9,19,36,1.5664e+05,-0.599,0.701
9,19,36,1.5668e+05,0.343,-0.679
9,19,36,1.5672e+05,0.4,0.772
9,19,36,1.5676e+05,0.621,-0.131
9,19,36,1.568e+05,0.077,0.188
9,19,36,1.5684e+05,-0.214,-0.169
9,19,36,1.5687e+05,-0.629,0.391
9,19,36,1.5691e+05,0.224,0.055
9,19,36,1.5695e+05,0.478,0.333
9,19,36,1.5699e+05,1.427,-0.466
9,19,36,1.5703e+05,0.222,0.068
9,19,36,1.5707e+05,-0.13,-1.061
9,19,36,1.5711e+05,-0.596,0.264
9,19,36,1.5715e+05,-0.297,0.625
9,19,36,1.5719e+05,0.454,0.142
9,19,36,1.5723e+05,0.96,-0.307
9,19,36,1.5726e+05,-0.355,0.142
9,19,36,1.573e+05,0.232,-0.545
9,19,36,1.5734e+05,-0.993,1.518
9,19,36,1.5738e+05,0.366,-1.317
9,19,36,1.5742e+05,0.341,0.187
9,19,36,1.5746e+05,0.746,0.298
9,19,36,1.575e+05,-0.079,-0.277
9,19,36,1.5754e+05,-0.598,0.614
9,19,36,1.5758e+05,-0.414,-0.687
9,19,36,1.5762e+05,-0.579,0.681
9,19,36,1.5766e+05,0.884,-0.789
9,19,36,1.577e+05,-0.183,1.322
9,19,36,1.5773e+05,0.54,-1.307
9,19,36,1.5777e+05,-0.176,0.22
9,19,36,1.5781e+05,-0.262,-0.272
9,19,36,1.5785e+05,-0.835,0.685
9,19,36,1.5789e+05,0.022,0.091
9,19,36,1.5793e+05,-0.989,0.593
9,19,36,1.5797e+05,0.208,-0.347
9,19,36,1.5801e+05,0.022,0.444
9,19,36,1.5805e+05,0.173,0.081
9,19,36,1.5808e+05,0.123,-0.361
9,19,36,1.5812e+05,-0.64,0.094
9,19,36,1.5816e+05,-0.606,-0.746
9,19,36,1.582e+05,-0.955,1.096
9,19,36,1.5824e+05,-0.002,-0.475
9,19,36,1.5828e+05,0.229,-0.33
9,19,36,1.5832e+05,0.451,0.102
9,19,36,1.5836e+05,0.469,-0.536
9,19,36,1.584e+05,-0.328,0.537
9,19,36,1.5844e+05,-0.102,-0.213
9,19,36,1.5848e+05,-0.362,0.276
9,19,36,1.5852e+05,0.16,0.042
9,19,36,1.5855e+05,0.166,0.462
9,19,36,1.5859e+05,-0.181,1.006
9,19,36,1.5863e+05,-0.341,-0.915
9,19,36,1.5867e+05,-1.097,0.978
9,19,36,1.5871e+05,-0.029,-0.704
9,19,36,1.5875e+05,0.151,0.104
9,19,36,1.5879e+05,1.096,-0.934
9,19,36,1.5883e+05,0.315,-0.068
9,19,36,1.5887e+05,-0.187,0.539
9,19,36,1.5891e+05,-0.274,0.008
9,19,36,1.5894e+05,-0.214,0.215
9,19,36,1.5898e+05,0.786,-0.901
9,19,36,1.5902e+05,0.54,0.556
9,19,36,1.5906e+05,0.746,-0.822
9,19,36,1.591e+05,-0.694,0.534
9,19,36,1.5914e+05,-0.724,-0.489
9,19,36,1.5918e+05,-0.718,-0.078
9,19,36,1.5922e+05,-0.016,0.515
9,19,36,1.5926e+05,0.758,-0.514
9,19,36,1.593e+05,0.132,0.32
9,19,36,1.5934e+05,-0.176,-0.205
9,19,36,1.5937e+05,-0.901,0.417
9,19,36,1.5941e+05,-0.643,0.263
9,19,36,1.5945e+05,-0.177,-0.329
9,19,36,1.5949e+05,-0.04,0.332
9,19,36,1.5953e+05,0.828,-0.565
9,19,36,1.5957e+05,0.212,0.117
9,19,36,1.5961e+05,0.167,-0.311
9,19,36,1.5965e+05,-0.966,0.21
9,19,36,1.5969e+05,0.258,-1.521
9,19,36,1.5973e+05,-0.6,0.859
9,19,36,1.5976e+05,0.972,-0.126
9,19,36,1.598e+05,1.117,-0.619
9,19,36,1.5984e+05,-0.491,1.276
9,19,36,1.5988e+05,0.277,-1.55
9,19,36,1.5992e+05,-1.42,0.955
9,19,36,1.5996e+05,0.006,-0.8
9,19,36,1.6e+05,0.169,0.596
9,19,36,1.6004e+05,0.054,0.109
9,19,36,1.6008e+05,-0.048,-0.081
9,19,36,1.6012e+05,-0.333,-0.173
9,19,36,1.6016e+05,-0.722,0.015
9,19,36,1.602e+05,0.041,0.279
9,19,36,1.6023e+05,0.644,-0.116
9,19,36,1.6027e+05,0.236,-0.074
9,19,36,1.6031e+05,-0.32,-0.05
9,19,36,1.6035e+05,-1.078,1.331
9,19,36,1.6039e+05,0.105,-0.487
9,19,36,1.6043e+05,-0.264,0.276
9,19,36,1.6047e+05,0.971,-1.813
9,19,36,1.6051e+05,-0.364,1.051
9,19,36,1.6055e+05,0.012,-0.7
9,19,36,1.6058e+05,-0.54,-0.275
9,19,36,1.6062e+05,-0.349,0.097
9,19,36,1.6066e+05,0.354,-0.899
9,19,36,1.607e+05,0.066,1.129
9,19,36,1.6074e+05,0.684,-1.056
9,19,36,1.6078e+05,-0.27,0.922
9,19,36,1.6082e+05,-0.223,0.091
9,19,36,1.6086e+05,-0.58,0.447
9,19,36,1.609e+05,0.388,-0.358
9,19,36,1.6094e+05,0.028,0.212
9,19,36,1.6098e+05,0.49,0.167
9,19,36,1.6102e+05,0.382,0.319
9,19,36,1.6105e+05,-0.602,0.184
9,19,36,1.6109e+05,-0.368,-0.828
9,19,36,1.6113e+05,-0.092,-0.385
9,19,36,1.6117e+05,0.296,-0.781
9,19,36,1.6121e+05,0.781,0.173
9,19,36,1.6125e+05,0.374,0.444
9,19,36,1.6129e+05,0.112,-0.307
9,19,36,1.6133e+05,-0.384,0.707
9,19,36,1.6137e+05,0.489,-0.604
9,19,36,1.6141e+05,0.078,0.494
9,19,36,1.6144e+05,0.556,-0.235
9,19,36,1.6148e+05,0.286,-0.547
9,19,36,1.6152e+05,-0.197,0.319
9,19,36,1.6156e+05,-0.141,-0.305
9,19,36,1.616e+05,-1.265,1.746
9,19,36,1.6164e+05,0.043,-0.605
9,19,36,1.6168e+05,-0.413,0.982
9,19,36,1.6172e+05,0.57,-0.805
9,19,36,1.6176e+05,0.395,0.057
9,19,36,1.618e+05,-0.006,-0.22
9,19,36,1.6184e+05,-0.295,-0.832
9,19,36,1.6187e+05,-0.797,1.208
9,19,36,1.6191e+05,0.144,-1.043
9,19,36,1.6195e+05,-0.156,0.822
9,19,36,1.6199e+05,0.46,-0.611
9,19,36,1.6203e+05,-0.569,0.478
9,19,36,1.6207e+05,0.236,-0.427
9,19,36,1.6211e+05,-0.794,0.413
9,19,36,1.6215e+05,0.181,-0.409
9,19,36,1.6219e+05,-0.537,0.137
9,19,36,1.6223e+05,-0.051,0.128
9,19,36,1.6226e+05,0.494,0.377
9,19,36,1.623e+05,0.264,0.621
9,19,36,1.6234e+05,0.443,-0.736
9,19,36,1.6238e+05,-0.037,0.979
9,19,36,1.6242e+05,-0.038,-0.655
9,19,36,1.6246e+05,-0.389,0.795
9,19,36,1.625e+05,0.425,-0.947
9,19,36,1.6254e+05,-0.533,0.694
9,19,36,1.6258e+05,-0.143,-0.06
9,19,36,1.6262e+05,-0.494,0.641
9,19,36,1.6266e+05,-0.017,-0.501
9,19,36,1.627e+05,0.228,-0.026
9,19,36,1.6273e+05,0.352,-0.309
9,19,36,1.6277e+05,-0.126,-0.524
9,19,36,1.6281e+05,-0.079,-0.115
9,19,36,1.6285e+05,-0.635,0.83
9,19,36,1.6289e+05,0.524,-0.102
9,19,36,1.6293e+05,0.43,0.602
9,19,36,1.6297e+05,0.937,-0.459
9,19,36,1.6301e+05,0.471,0.158
9,19,36,1.6305e+05,-0.257,0.041
9,19,36,1.6308e+05,-0.84,0.245
9,19,36,1.6312e+05,-0.497,0.977
9,19,36,1.6316e+05,0.279,-0.92
9,19,36,1.632e+05,0.127,0.473
9,19,36,1.6324e+05,0.537,-0.683
9,19,36,1.6328e+05,-1.202,0.981
9,19,36,1.6332e+05,-0.623,-0.439
9,19,36,1.6336e+05,-0.693,0.252
9,19,36,1.634e+05,0.848,-0.841
9,19,36,1.6344e+05,0.778,-0.269
9,19,36,1.6348e+05,-0.199,-0.08
9,19,36,1.6352e+05,-0.845,-0.079
9,19,36,1.6355e+05,-1.101,0.825
9,19,36,1.6359e+05,-0.217,-0.019
9,19,36,1.6363e+05,0.452,0.393
9,19,36,1.6367e+05,0.917,-0.644
9,19,36,1.6371e+05,0.141,0.411
9,19,36,1.6375e+05,-0.032,-0.107
9,19,36,1.6379e+05,-0.477,0.76
9,19,36,1.6383e+05,0.149,-0.005
9,19,36,1.6387e+05,0.188,-0.4
9,19,36,1.6391e+05,0.118,-0.138
9,19,36,1.6394e+05,-0.068,0.152
9,19,36,1.6398e+05,-0.345,0.138
9,19,36,1.6402e+05,0.128,-0.607
9,19,36,1.6406e+05,0.148,0.254
9,19,36,1.641e+05,0.075,-0.265
9,19,36,1.6414e+05,-0.797,0.207
9,19,36,1.6418e+05,-1.126,0.301
9,19,36,1.6422e+05,-0.573,0.177
9,19,36,1.6426e+05,0.555,0.145
9,19,36,1.643e+05,1.209,-0.166
9,19,36,1.6434e+05,0.7,-0.237
9,19,36,1.6437e+05,-0.324,-0.322
9,19,36,1.6441e+05,-0.914,0.105
9,19,36,1.6445e+05,-0.387,-0.112
9,19,36,1.6449e+05,0.191,0.708
9,19,36,1.6453e+05,1.042,-0.336
9,19,36,1.6457e+05,0.379,0.281
9,19,36,1.6461e+05,0.034,-0.242
9,19,36,1.6465e+05,-1.102,0.585
9,19,36,1.6469e+05,-1.011,-0.139
9,19,36,1.6473e+05,-0.573,0.107
9,19,36,1.6476e+05,0.611,-0.181
9,19,36,1.648e+05,1.008,-0.309
9,19,36,1.6484e+05,0.474,-0.111
9,19,36,1.6488e+05,-0.71,-0.771
9,19,36,1.6492e+05,-1.044,0.128
9,19,36,1.6496e+05,-0.971,0.502
9,19,36,1.65e+05,-0.081,0.907
9,19,36,1.6504e+05,0.933,-0.563
9,19,36,1.6508e+05,0.508,-0.32
9,19,36,1.6512e+05,0.236,-0.51
9,19,36,1.6516e+05,-0.757,1.497
9,19,36,1.652e+05,-0.207,-0.857
9,19,36,1.6523e+05,-0.34,0.309
9,19,36,1.6527e+05,0.952,-0.402
9,19,36,1.6531e+05,0.623,0.139
9,19,36,1.6535e+05,0.322,0.476
9,19,36,1.6539e+05,0.213,-1.077
9,19,36,1.6543e+05,-0.484,0.839
9,19,36,1.6547e+05,0.508,-0.86
9,19,36,1.6551e+05,0.18,0.513
9,19,36,1.6555e+05,1.036,-0.656
9,19,36,1.6558e+05,-0.032,-0.029
9,19,36,1.6562e+05,-0.528,0.305
9,19,36,1.6566e+05,-0.823,0.155
9,19,36,1.657e+05,-0.137,0.351
9,19,36,1.6574e+05,0.986,-0.709
9,19,36,1.6578e+05,0.586,-0.105
9,19,36,1.6582e+05,0.09,-0.805
9,19,36,1.6586e+05,-0.734,0.293
9,19,36,1.659e+05,-0.474,-0.385
9,19,36,1.6594e+05,-0.033,0.524
9,19,36,1.6598e+05,0.746,-0.01
9,19,36,1.6602e+05,0.501,-0.021
9,19,36,1.6605e+05,0.312,0.126
9,19,36,1.6609e+05,-0.056,0.16
9,19,36,1.6613e+05,0.096,-0.675
9,19,36,1.6617e+05,-0.294,0.748
9,19,36,1.6621e+05,0.228,-0.231
9,19,36,1.6625e+05,-0.013,-0.527
9,19,36,1.6629e+05,0.197,0.805
9,19,36,1.6633e+05,0.642,-0.937
9,19,36,1.6637e+05,0.254,0.289
9,19,36,1.6641e+05,0.063,-1.013
9,19,36,1.6644e+05,-0.743,0.452
9,19,36,1.6648e+05,0.393,-0.063
9,19,36,1.6652e+05,0.028,0.651
9,19,36,1.6656e+05,0.711,-0.679
9,19,36,1.666e+05,0.161,-0.867
9,19,36,1.6664e+05,-0.641,1.062
9,19,36,1.6668e+05,0.143,-0.699
9,19,36,1.6672e+05,-0.269,0.715
9,19,36,1.6676e+05,0.712,-0.751
9,19,36,1.668e+05,0.329,0.461
9,19,36,1.6684e+05,0.155,-0.087
9,19,36,1.6687e+05,-0.047,-0.144
9,19,36,1.6691e+05,0.042,0.076
9,19,36,1.6695e+05,0.324,-0.102
9,19,36,1.6699e+05,0.061,-0.005
9,19,36,1.6703e+05,-0.287,0.307
9,19,36,1.6707e+05,0.221,-0.283
9,19,36,1.6711e+05,0.031,0.149
9,19,36,1.6715e+05,0.387,-0.368
9,19,36,1.6719e+05,0.432,-0.003
9,19,36,1.6723e+05,0.36,0.022
9,19,36,1.6726e+05,-0.289,-0.267
9,19,36,1.673e+05,-0.367,-0.072
9,19,36,1.6734e+05,-0.502,0.182
9,19,36,1.6738e+05,0.248,0.143
9,19,36,1.6742e+05,0.616,0.031
9,19,36,1.6746e+05,0.741,-0.328
9,19,36,1.675e+05,-0.277,0.015
9,19,36,1.6754e+05,-0.672,0.593
9,19,36,1.6758e+05,-0.032,-0.653
9,19,36,1.6762e+05,-0.129,1.077
9,19,36,1.6766e+05,0.88,-0.591
9,19,36,1.677e+05,0.227,0.185
9,19,36,1.6773e+05,0.222,-0.515
9,19,36,1.6777e+05,-0.096,-0.263
9,19,36,1.6781e+05,-0.059,0.965
9,19,36,1.6785e+05,0.592,-0.353
9,19,36,1.6789e+05,0.574,-0.247
9,19,36,1.6793e+05,0.558,0.296
9,19,36,1.6797e+05,0.549,-0.047
9,19,36,1.6801e+05,-0.518,0.379
9,19,36,1.6805e+05,-0.14,-0.885
9,19,36,1.6808e+05,-0.353,0.126
9,19,36,1.6812e+05,0.305,0.242
9,19,36,1.6816e+05,0.134,0.162
9,19,36,1.682e+05,-0.053,-0.455
9,19,36,1.6824e+05,-0.591,0.083
9,19,36,1.6828e+05,-0.422,0.384
9,19,36,1.6832e+05,-0.014,0.189
9,19,36,1.6836e+05,0.561,-0.06
9,19,36,1.684e+05,0.433,-0.176
9,19,36,1.6844e+05,0.031,0.572
9,19,36,1.6848e+05,-0.455,0.561
9,19,36,1.6852e+05,-0.44,0.284
9,19,36,1.6855e+05,-0.418,-0.45
9,19,36,1.6859e+05,-0.233,0.442
9,19,36,1.6863e+05,0.451,-0.765
9,19,36,1.6867e+05,-0.27,0.599
9,19,36,1.6871e+05,0.277,-0.689
9,19,36,1.6875e+05,-0.244,-0.187
9,19,36,1.6879e+05,0.054,-0.032
9,19,36,1.6883e+05,0.074,0.177
9,19,36,1.6887e+05,-0.269,0.5
9,19,36,1.6891e+05,-0.105,-0.091
9,19,36,1.6894e+05,-0.095,0.355
9,19,36,1.6898e+05,0.484,0.032
9,19,36,1.6902e+05,0.31,0.338
9,19,36,1.6906e+05,0.419,0.224
9,19,36,1.691e+05,0.288,-0.727
9,19,36,1.6914e+05,-0.251,0.097
9,19,36,1.6918e+05,0.126,0.202
9,19,36,1.6922e+05,0.227,0.935
9,19,36,1.6926e+05,1.127,-0.351
9,19,36,1.693e+05,0.834,-0.54
9,19,36,1.6934e+05,0.241,0.303
9,19,36,1.6937e+05,-0.098,0.2
9,19,36,1.6941e+05,-0.334,0.407
9,19,36,1.6945e+05,0.77,-0.588
9,19,36,1.6949e+05,0.807,0.28
9,19,36,1.6953e+05,1.044,-0.307
9,19,36,1.6957e+05,-0.078,0.413
9,19,36,1.6961e+05,-0.294,-0.198
9,19,36,1.6965e+05,-0.354,-0.451
9,19,36,1.6969e+05,0.503,0.114
9,19,36,1.6973e+05,0.855,-0.079
9,19,36,1.6976e+05,0.194,0.524
9,19,36,1.698e+05,-0.157,-0.756
9,19,36,1.6984e+05,-0.917,1
9,19,36,1.6988e+05,-0.501,0.066
9,19,36,1.6992e+05,-0.457,0.656
9,19,36,1.6996e+05,0.09,-0.722
9,19,36,1.7e+05,-0.032,-0.038
9,19,36,1.7004e+05,-0.075,0.189
9,19,36,1.7008e+05,-0.141,-0.088
9,19,36,1.7012e+05,-0.135,0.071
9,19,36,1.7016e+05,0.303,-0.332
9,19,36,1.702e+05,0.064,0.489
9,19,36,1.7023e+05,0.128,-0.132
9,19,36,1.7027e+05,-0.681,0.741
9,19,36,1.7031e+05,-0.06,-0.116
9,19,36,1.7035e+05,0.075,0.212
9,19,36,1.7039e+05,0.398,-0.666
9,19,36,1.7043e+05,0.27,-0.516
9,19,36,1.7047e+05,-0.356,-0.295
9,19,36,1.7051e+05,-0.765,0.702
9,19,36,1.7055e+05,-0.29,0.582
9,19,36,1.7058e+05,0.289,-0.424
9,19,36,1.7062e+05,0.453,-0.026
9,19,36,1.7066e+05,0.208,0.106
9,19,36,1.707e+05,-0.096,0.12
9,19,36,1.7074e+05,-0.45,0.228
9,19,36,1.7078e+05,-0.131,-0.03
9,19,36,1.7082e+05,-0.062,-0.053
9,19,36,1.7086e+05,-0.153,-0.086
9,19,36,1.709e+05,0.005,0.007
9,19,36,1.7094e+05,0.129,-0.411
9,19,36,1.7098e+05,0.294,-0.159
9,19,36,1.7102e+05,0.283,-0.031
9,19,36,1.7105e+05,-0.089,0.252
9,19,36,1.7109e+05,-0.374,0.724
9,19,36,1.7113e+05,-0.305,-0.284
9,19,36,1.7117e+05,-0.306,0.19
9,19,36,1.7121e+05,0.022,0.111
9,19,36,1.7125e+05,0.177,-0.048
9,19,36,1.7129e+05,0.118,-0.051
9,19,36,1.7133e+05,-0.06,-0.39
9,19,36,1.7137e+05,-0.361,0.008
9,19,36,1.7141e+05,-0.411,-0.012
9,19,36,1.7144e+05,-0.347,-0.06
9,19,36,1.7148e+05,-0.058,-0.095
9,19,36,1.7152e+05,0.19,0.52
9,19,36,1.7156e+05,0.282,0.287
9,19,36,1.716e+05,0.05,-0.208
9,19,36,1.7164e+05,-0.155,-0.626
9,19,36,1.7168e+05,-0.272,0.207
9,19,36,1.7172e+05,-0.025,-0.034
9,19,36,1.7176e+05,0.194,0.003
9,19,36,1.718e+05,0.606,-0.34
9,19,36,1.7184e+05,0.386,-0.211
9,19,36,1.7187e+05,0.12,0.274
9,19,36,1.7191e+05,0.004,-0.082
9,19,36,1.7195e+05,-0.283,0.156
9,19,36,1.7199e+05,0.199,-0.786
9,19,36,1.7203e+05,0.271,0.298
9,19,36,1.7207e+05,0.619,-0.156
9,19,36,1.7211e+05,-0.005,0.565
9,19,36,1.7215e+05,-0.405,0.075
9,19,36,1.7219e+05,-0.501,-0.197
9,19,36,1.7223e+05,-0.223,0.095
9,19,36,1.7226e+05,0.637,-0.83
9,19,36,1.723e+05,0.36,0.178
9,19,36,1.7234e+05,-0.071,-0.564
9,19,36,1.7238e+05,-0.764,0.089
9,19,36,1.7242e+05,-0.336,0.383
9,19,36,1.7246e+05,0.422,-0.247
9,19,36,1.725e+05,0.617,0.768
9,19,36,1.7254e+05,1.265,-0.726
9,19,36,1.7258e+05,0.331,-0.288
9,19,36,1.7262e+05,0.132,-0.576
9,19,36,1.7266e+05,-0.544,0.704
9,19,36,1.727e+05,-0.467,0.558
9,19,36,1.7273e+05,0.162,-0.572
9,19,36,1.7277e+05,0.606,0.311
9,19,36,1.7281e+05,1.085,-0.81
9,19,36,1.7285e+05,0.14,0.087
9,19,36,1.7289e+05,-0.637,-0.176
9,19,36,1.7293e+05,-1.117,0.257
9,19,36,1.7297e+05,0.014,-0.05
9,19,36,1.7301e+05,0.393,0.458
9,19,36,1.7305e+05,1.031,-0.547
9,19,36,1.7308e+05,0.26,-0.3
9,19,36,1.7312e+05,-0.851,0.702
9,19,36,1.7316e+05,-0.439,-0.282
9,19,36,1.732e+05,-0.228,0.758
9,19,36,1.7324e+05,0.85,-0.723
9,19,36,1.7328e+05,0.681,-0.029
9,19,36,1.7332e+05,0.735,-0.564
9,19,36,1.7336e+05,-0.316,-0.132
9,19,36,1.734e+05,-0.686,0.224
9,19,36,1.7344e+05,-0.144,0.39
9,19,36,1.7348e+05,0.187,0.366
9,19,36,1.7352e+05,0.806,-0.546
9,19,36,1.7355e+05,0.075,0.179
9,19,36,1.7359e+05,-0.383,0.055
9,19,36,1.7363e+05,-0.564,-0.2
9,19,36,1.7367e+05,-0.263,0.24
9,19,36,1.7371e+05,0.644,-0.941
9,19,36,1.7375e+05,0.18,0.487
9,19,36,1.7379e+05,0.176,-0.293
9,19,36,1.7383e+05,-0.65,0.476
9,19,36,1.7387e+05,0.065,0.075
9,19,36,1.7391e+05,0.237,-0.476
9,19,36,1.7394e+05,0.581,0.088
9,19,36,1.7398e+05,0.7,-0.323
9,19,36,1.7402e+05,-0.017,0.516
9,19,36,1.7406e+05,0.107,-0.555
9,19,36,1.741e+05,-0.406,0.68
9,19,36,1.7414e+05,0.455,-0.44
9,19,36,1.7418e+05,0.55,0.066
9,19,36,1.7422e+05,0.55,-0.731
9,19,36,1.7426e+05,-0.199,-0.031
9,19,36,1.743e+05,-0.746,0.996
9,19,36,1.7434e+05,-0.038,-0.032
9,19,36,1.7437e+05,-0.302,0.794
9,19,36,1.7441e+05,0.341,-1.007
9,19,36,1.7445e+05,-0.24,0.271
9,19,36,1.7449e+05,-0.291,0.243
9,19,36,1.7453e+05,-0.396,-0.148
9,19,36,1.7457e+05,-0.627,0.561
9,19,36,1.7461e+05,0.061,-0.847
9,19,36,1.7465e+05,-0.479,0.829
9,19,36,1.7469e+05,0.214,-0.508
9,19,36,1.7473e+05,0.25,-0.019
9,19,36,1.7476e+05,0.199,0.573
9,19,36,1.748e+05,-0.165,-0.213
9,19,36,1.7484e+05,-0.935,0.943
9,19,36,1.7488e+05,-0.393,-0.722
9,19,36,1.7492e+05,-0.305,0.339
9,19,36,1.7496e+05,0.722,-0.17
9,19,36,1.75e+05,0.264,0.019
9,19,36,1.7504e+05,-0.282,0.29
9,19,36,1.7508e+05,-0.214,-0.078
9,19,36,1.7512e+05,-0.361,0.622
9,19,36,1.7516e+05,0.615,-0.078
9,19,36,1.752e+05,0.291,0.051
9,19,36,1.7523e+05,-0.012,-0.126
9,19,36,1.7527e+05,-0.318,-0.329
9,19,36,1.7531e+05,-0.829,0.256
9,19,36,1.7535e+05,0.029,-0.245
9,19,36,1.7539e+05,0.142,0.621
9,19,36,1.7543e+05,0.654,0.124
9,19,36,1.7547e+05,0.318,-0.238
9,19,36,1.7551e+05,-0.62,0.097
9,19,36,1.7555e+05,-0.834,-0.131
9,19,36,1.7558e+05,-0.739,0.504
9,19,36,1.7562e+05,0.486,0.215
9,19,36,1.7566e+05,1.593,-0.552
9,19,36,1.757e+05,0.827,0.476
9,19,36,1.7574e+05,0.219,-0.083
9,19,36,1.7578e+05,-1.264,1.062
9,19,36,1.7582e+05,-0.634,0.188
9,19,36,1.7586e+05,0.143,-0.028
9,19,36,1.759e+05,0.84,0.077
9,19,36,1.7594e+05,1.14,-0.649
9,19,36,1.7598e+05,0.064,0.196
9,19,36,1.7602e+05,-0.478,-0.519
9,19,36,1.7605e+05,-0.812,0.692
9,19,36,1.7609e+05,0.513,-0.213
9,19,36,1.7613e+05,0.415,0.587
9,19,36,1.7617e+05,0.519,-0.144
9,19,36,1.7621e+05,-0.54,0.508
9,19,36,1.7625e+05,-0.89,0.315
9,19,36,1.7629e+05,-0.225,-0.598
9,19,36,1.7633e+05,0.117,0.03
9,19,36,1.7637e+05,0.776,-0.145
9,19,36,1.7641e+05,0.553,0.241
9,19,36,1.7644e+05,-0.561,0.417
9,19,36,1.7648e+05,-0.737,-0.051
9,19,36,1.7652e+05,-0.847,-0.439
9,19,36,1.7656e+05,-0.293,0.336
9,19,36,1.766e+05,0.921,-0.064
9,19,36,1.7664e+05,0.797,0.192
9,19,36,1.7668e+05,0.662,-0.983
9,19,36,1.7672e+05,-0.739,0.506
9,19,36,1.7676e+05,-0.549,0.1
9,19,36,1.768e+05,-0.535,0.918
9,19,36,1.7684e+05,0.488,-0.417
9,19,36,1.7687e+05,1.085,-1.004
9,19,36,1.7691e+05,0.801,0.269
9,19,36,1.7695e+05,0.694,-0.492
9,19,36,1.7699e+05,-0.547,0.624
9,19,36,1.7703e+05,-0.108,-0.016
9,19,36,1.7707e+05,0.116,0.311
9,19,36,1.7711e+05,0.413,0.177
9,19,36,1.7715e+05,0.396,-0.556
9,19,36,1.7719e+05,0.209,-0.045
9,19,36,1.7723e+05,0.241,0.147
9,19,36,1.7726e+05,0.19,-0.103
9,19,36,1.773e+05,-0.195,0.028
9,19,36,1.7734e+05,-0.183,0.317
9,19,36,1.7738e+05,-0.284,0.436
9,19,36,1.7742e+05,-0.443,0.344
9,19,36,1.7746e+05,-0.351,0.174
9,19,36,1.775e+05,0.183,0.249
9,19,36,1.7754e+05,1.019,-0.569
9,19,36,1.7758e+05,0.351,0.09
9,19,36,1.7762e+05,-0.195,-0.807
9,19,36,1.7766e+05,-1.086,0.213
9,19,36,1.777e+05,-0.348,-0.135
9,19,36,1.7773e+05,0.232,0.555
9,19,36,1.7777e+05,1.085,0.016
9,19,36,1.7781e+05,0.793,-0.635
9,19,36,1.7785e+05,-0.291,0.156
9,19,36,1.7789e+05,-0.713,-0.066
9,19,36,1.7793e+05,-0.935,1.277
9,19,36,1.7797e+05,0.409,-0.396
9,19,36,1.7801e+05,0.562,-0.014
9,19,36,1.7805e+05,1.286,-0.549
9,19,36,1.7808e+05,0.137,0.096
9,19,36,1.7812e+05,-1.349,0.663
9,19,36,1.7816e+05,-1.012,-0.585
9,19,36,1.782e+05,-0.398,0.684
9,19,36,1.7824e+05,1.384,-0.649
9,19,36,1.7828e+05,1.138,-0.262
9,19,36,1.7832e+05,-0.055,-0.594
9,19,36,1.7836e+05,-1.77,0.283
9,19,36,1.784e+05,-1.775,0.559
9,19,36,1.7844e+05,-0.262,0.102
9,19,36,1.7848e+05,1.393,0.001
9,19,36,1.7852e+05,2.019,-0.942
9,19,36,1.7855e+05,0.577,0.702
9,19,36,1.7859e+05,-1.006,-0.506
9,19,36,1.7863e+05,-1.874,0.612
9,19,36,1.7867e+05,-0.445,-0.316
9,19,36,1.7871e+05,1.167,0.344
9,19,36,1.7875e+05,2.393,-1.061
9,19,36,1.7879e+05,0.569,-0.646
9,19,36,1.7883e+05,-1.21,0.521
9,19,36,1.7887e+05,-1.87,0.493
9,19,36,1.7891e+05,-0.989,0.749
9,19,36,1.7894e+05,1.063,-0.373
9,19,36,1.7898e+05,1.202,-0.264
9,19,36,1.7902e+05,0.55,-0.453
9,19,36,1.7906e+05,-0.903,0.367
9,19,36,1.791e+05,-1.012,0.057
9,19,36,1.7914e+05,-0.004,-0.84
9,19,36,1.7918e+05,0.36,0.956
9,19,36,1.7922e+05,1.609,-0.951
9,19,36,1.7926e+05,0.132,0.14
9,19,36,1.793e+05,-0.267,0.18
9,19,36,1.7934e+05,-0.558,-0.236
9,19,36,1.7937e+05,-0.648,0.526
9,19,36,1.7941e+05,0.253,-1.033
9,19,36,1.7945e+05,0.039,1.051
9,19,36,1.7949e+05,1.309,-0.724
9,19,36,1.7953e+05,0.09,0.468
9,19,36,1.7957e+05,-0.271,-0.345
9,19,36,1.7961e+05,-1.052,0.821
9,19,36,1.7965e+05,0.011,0.536
9,19,36,1.7969e+05,1.225,-0.564
9,19,36,1.7973e+05,0.74,-0.304
9,19,36,1.7976e+05,0.364,-0.617
9,19,36,1.798e+05,-0.741,1.064
9,19,36,1.7984e+05,0.113,-0.754
9,19,36,1.7988e+05,0.188,0.241
9,19,36,1.7992e+05,0.797,-0.551
9,19,36,1.7996e+05,0.115,0.12
9,19,36,1.8e+05,-0.483,0.104
9,19,36,1.8004e+05,-0.401,0.111
9,19,36,1.8008e+05,0.1,0.737
9,19,36,1.8012e+05,0.862,-0.017
9,19,36,1.8016e+05,0.858,-0.425
9,19,36,1.802e+05,0.154,0.015
9,19,36,1.8023e+05,-0.512,-0.011
9,19,36,1.8027e+05,-0.453,0.237
9,19,36,1.8031e+05,0.067,-0.037
9,19,36,1.8035e+05,0.704,-0.471
9,19,36,1.8039e+05,0.669,0.012
9,19,36,1.8043e+05,0.669,-0.195
9,19,36,1.8047e+05,0.014,0.634
9,19,36,1.8051e+05,-0.12,-0.465
9,19,36,1.8055e+05,-0.775,0.598
9,19,36,1.8058e+05,-0.038,0.507
9,19,36,1.8062e+05,0.732,-0.646
9,19,36,1.8066e+05,0.507,0.128
9,19,36,1.807e+05,0.88,-0.374
9,19,36,1.8074e+05,-0.095,0.354
9,19,36,1.8078e+05,-0.115,-0.017
9,19,36,1.8082e+05,-0.205,-0.145
9,19,36,1.8086e+05,-0.026,0.383
9,19,36,1.809e+05,0.696,0.038
9,19,36,1.8094e+05,0.352,0.263
9,19,36,1.8098e+05,0.294,-0.059
9,19,36,1.8102e+05,-0.597,0.218
9,19,36,1.8105e+05,-0.713,0.054
9,19,36,1.8109e+05,-0.565,-0.05
9,19,36,1.8113e+05,-0.003,0.184
9,19,36,1.8117e+05,0.098,0.289
9,19,36,1.8121e+05,0.086,0.162
9,19,36,1.8125e+05,-0.227,-0.41
9,19,36,1.8129e+05,-0.976,0.162
9,19,36,1.8133e+05,-0.825,0.14
9,19,36,1.8137e+05,-0.209,0.241
9,19,36,1.8141e+05,0.511,0.059
9,19,36,1.8144e+05,0.604,-0.342
9,19,36,1.8148e+05,0.099,0.441
9,19,36,1.8152e+05,-0.358,0.139
9,19,36,1.8156e+05,-0.37,-0.017
9,19,36,1.816e+05,0.018,0.131
9,19,36,1.8164e+05,0.293,-0.154
9,19,36,1.8168e+05,0.461,-0.531
9,19,36,1.8172e+05,-0.139,0.332
9,19,36,1.8176e+05,-0.119,-0.045
9,19,36,1.818e+05,-0.267,0.425
9,19,36,1.8184e+05,0.144,0.053
9,19,36,1.8187e+05,0.145,-0.049
9,19,36,1.8191e+05,0.043,0.377
9,19,36,1.8195e+05,0.146,-0.562
9,19,36,1.8199e+05,-0.572,0.788
9,19,36,1.8203e+05,0.137,-0.364
9,19,36,1.8207e+05,-0.167,0.548
9,19,36,1.8211e+05,0.428,-0.153
9,19,36,1.8215e+05,0.368,-0.255
9,19,36,1.8219e+05,-0.202,0.51
9,19,36,1.8223e+05,-0.013,-0.427
9,19,36,1.8226e+05,-0.561,0.206
9,19,36,1.823e+05,0.063,-0.377
9,19,36,1.8234e+05,0.185,-0.25
9,19,36,1.8238e+05,0.009,1.069
9,19,36,1.8242e+05,0.572,-0.078
9,19,36,1.8246e+05,0.257,0.451
9,19,36,1.825e+05,0.411,0.053
9,19,36,1.8254e+05,0.058,0.126
9,19,36,1.8258e+05,-0.051,0.065
9,19,36,1.8262e+05,0.147,0.016
9,19,36,1.8266e+05,0.289,-0.554
9,19,36,1.827e+05,-0.601,0.14
9,19,36,1.8273e+05,-0.642,0.076
9,19,36,1.8277e+05,-0.688,0.248
9,19,36,1.8281e+05,-0.211,0.164
9,19,36,1.8285e+05,0.166,-0.631
9,19,36,1.8289e+05,-0.317,0.521
9,19,36,1.8293e+05,-0.38,-0.436
9,19,36,1.8297e+05,-1.22,0.754
9,19,36,1.8301e+05,-0.83,-0.128
9,19,36,1.8305e+05,-0.399,0.896
9,19,36,1.8308e+05,1.068,-0.785
9,19,36,1.8312e+05,0.258,0.322
9,19,36,1.8316e+05,0.175,-0.248
9,19,36,1.832e+05,-0.683,-0.445
9,19,36,1.8324e+05,-0.588,1.285
9,19,36,1.8328e+05,0.538,-0.184
9,19,36,1.8332e+05,0.701,0.143
9,19,36,1.8336e+05,0.989,-0.878
9,19,36,1.834e+05,0.079,0.153
9,19,36,1.8344e+05,-0.335,0.135
9,19,36,1.8348e+05,-0.618,0.354
9,19,36,1.8352e+05,-0.34,-0.084
9,19,36,1.8355e+05,0.107,-0.184
9,19,36,1.8359e+05,0.086,-0.071
9,19,36,1.8363e+05,-0.653,0.853
9,19,36,1.8367e+05,-0.401,-0.205
9,19,36,1.8371e+05,-0.495,0.173
9,19,36,1.8375e+05,0.566,-0.238
9,19,36,1.8379e+05,0.53,0.092
9,19,36,1.8383e+05,0.453,-0.107
9,19,36,1.8387e+05,-0.566,0.26
9,19,36,1.8391e+05,-0.6,0.049
9,19,36,1.8394e+05,-0.654,0.328
9,19,36,1.8398e+05,0.207,-0.213
9,19,36,1.8402e+05,0.615,-0.094
9,19,36,1.8406e+05,0.741,0.401
9,19,36,1.841e+05,0.033,-0.184
9,19,36,1.8414e+05,-0.781,0.486
9,19,36,1.8418e+05,-0.704,-0.248
9,19,36,1.8422e+05,-0.259,0.812
9,19,36,1.8426e+05,0.961,-0.48
9,19,36,1.843e+05,0.475,-0.256
9,19,36,1.8434e+05,0.196,-0.486
9,19,36,1.8437e+05,-0.65,0.394
9,19,36,1.8441e+05,-0.125,0.519
9,19,36,1.8445e+05,0.221,-0.025
9,19,36,1.8449e+05,0.734,-0.715
9,19,36,1.8453e+05,0.352,0.406
9,19,36,1.8457e+05,0.001,0.368
9,19,36,1.8461e+05,-0.658,-0.054
9,19,36,1.8465e+05,-0.454,-0.46
9,19,36,1.8469e+05,-0.256,-0.042
9,19,36,1.8473e+05,0.595,-0.474
9,19,36,1.8476e+05,0.554,0.258
9,19,36,1.848e+05,0.719,-0.088
9,19,36,1.8484e+05,-0.232,0.457
9,19,36,1.8488e+05,-0.17,0.354
9,19,36,1.8492e+05,-0.353,-0.326
9,19,36,1.8496e+05,-0.265,0.718
9,19,36,1.85e+05,0.022,-0.16
9,19,36,1.8504e+05,0.018,0.299
9,19,36,1.8508e+05,0.197,-0.668
9,19,36,1.8512e+05,-0.036,0.195
9,19,36,1.8516e+05,0.549,-0.475
9,19,36,1.852e+05,-0.013,0.243
9,19,36,1.8523e+05,0.382,-1.067
9,19,36,1.8527e+05,-0.035,-0.548
9,19,36,1.8531e+05,0.09,0.08
9,19,36,1.8535e+05,0.184,-0.053
9,19,36,1.8539e+05,0.492,-0.195
9,19,36,1.8543e+05,0.129,0.004
9,19,36,1.8547e+05,-0.03,0.666
9,19,36,1.8551e+05,0.262,-0.073
9,19,36,1.8555e+05,-0.228,0.779
9,19,36,1.8558e+05,-0.171,-0.425
9,19,36,1.8562e+05,0.015,-0.498
9,19,36,1.8566e+05,-0.374,0.285
9,19,36,1.857e+05,0.287,0.287
9,19,36,1.8574e+05,0.044,0.035
9,19,36,1.8578e+05,0.202,0
9,19,36,1.8582e+05,0.546,-0.734
9,19,36,1.8586e+05,-0.403,0.444
9,19,36,1.859e+05,0.226,-0.554
9,19,36,1.8594e+05,-0.322,0.209
9,19,36,1.8598e+05,0.234,-0.188
9,19,36,1.8602e+05,0.438,-0.272
9,19,36,1.8605e+05,0.447,0.2
9,19,36,1.8609e+05,0.611,-0.312
9,19,36,1.8613e+05,0.073,0.47
9,19,36,1.8617e+05,-0.042,0.114
9,19,36,1.8621e+05,-0.026,0.506
9,19,36,1.8625e+05,0.258,-0.548
9,19,36,1.8629e+05,0.03,0.283
9,19,36,1.8633e+05,-0.138,-0.26
9,19,36,1.8637e+05,-0.673,0.144
9,19,36,1.8641e+05,-0.289,0.431
9,19,36,1.8644e+05,0.493,-0.698
9,19,36,1.8648e+05,-0.134,0.244
9,19,36,1.8652e+05,-0.189,-0.072
9,19,36,1.8656e+05,-0.421,0.395
9,19,36,1.866e+05,-0.251,-0.149
9,19,36,1.8664e+05,0.035,-0.477
9,19,36,1.8668e+05,-0.05,-0.11
9,19,36,1.8672e+05,0.132,-0.178
9,19,36,1.8676e+05,0.271,0.06
9,19,36,1.868e+05,0.372,0.292
9,19,36,1.8684e+05,0.554,-0.384
9,19,36,1.8687e+05,-0.135,0.609
9,19,36,1.8691e+05,0.484,-0.06
9,19,36,1.8695e+05,-0.078,0.365
9,19,36,1.8699e+05,0.617,-0.015
9,19,36,1.8703e+05,0.422,-0.301
9,19,36,1.8707e+05,-0.155,0.167
9,19,36,1.8711e+05,-0.039,-0.283
9,19,36,1.8715e+05,-0.556,0.744
9,19,36,1.8719e+05,0.107,-1.136
9,19,36,1.8723e+05,-0.704,1.042
9,19,36,1.8726e+05,-0.028,-0.269
9,19,36,1.873e+05,-0.428,0.323
9,19,36,1.8734e+05,-0.442,-0.419
9,19,36,1.8738e+05,-0.279,-0.68
9,19,36,1.8742e+05,-0.531,0.441
9,19,36,1.8746e+05,-0.226,0.236
9,19,36,1.875e+05,-0.342,0.742
9,19,36,1.8754e+05,0.066,0.112
9,19,36,1.8758e+05,0.564,0.072
9,19,36,1.8762e+05,0.645,-0.648
9,19,36,1.8766e+05,-0.487,0.481
9,19,36,1.877e+05,-0.473,-0.162
9,19,36,1.8773e+05,-0.497,0.391
9,19,36,1.8777e+05,0.094,0.003
9,19,36,1.8781e+05,0.829,-0.813
9,19,36,1.8785e+05,0.072,0.789
9,19,36,1.8789e+05,0.295,-0.704
9,19,36,1.8793e+05,-0.957,0.572
9,19,36,1.8797e+05,-0.484,0.073
9,19,36,1.8801e+05,-0.776,0.589
9,19,36,1.8805e+05,-0.45,0.676
9,19,36,1.8808e+05,0.155,-0.556
9,19,36,1.8812e+05,0.225,0.394
9,19,36,1.8816e+05,0.643,-0.617
9,19,36,1.882e+05,-0.244,-0.051
9,19,36,1.8824e+05,-0.97,-0.131
9,19,36,1.8828e+05,-0.588,-0.002
9,19,36,1.8832e+05,-0.016,0.438
9,19,36,1.8836e+05,0.839,-0.121
9,19,36,1.884e+05,0.182,-0.193
9,19,36,1.8844e+05,-0.179,0.327
9,19,36,1.8848e+05,-0.166,0.263
9,19,36,1.8852e+05,-0.013,0.822
9,19,36,1.8855e+05,0.813,-0.809
9,19,36,1.8859e+05,0.434,0.322
9,19,36,1.8863e+05,0.643,-0.311
9,19,36,1.8867e+05,-0.574,1.119
9,19,36,1.8871e+05,-0.227,-0.66
9,19,36,1.8875e+05,-0.605,-0.036
9,19,36,1.8879e+05,0.204,0.422
9,19,36,1.8883e+05,0.534,-0.467
9,19,36,1.8887e+05,0.157,0.099
9,19,36,1.8891e+05,-0.361,-0.173
9,19,36,1.8894e+05,-0.472,0.803
9,19,36,1.8898e+05,-0.107,0.516
9,19,36,1.8902e+05,0.272,-0.463
9,19,36,1.8906e+05,0.251,-0.256
9,19,36,1.891e+05,-0.238,0.241
9,19,36,1.8914e+05,0.341,-0.308
9,19,36,1.8918e+05,-0.192,0.669
9,19,36,1.8922e+05,0.435,-0.516
9,19,36,1.8926e+05,0.643,-0.293
9,19,36,1.893e+05,-0.297,1.295
9,19,36,1.8934e+05,0.085,-0.588
9,19,36,1.8937e+05,-0.321,0.62
9,19,36,1.8941e+05,-0.314,-0.378
9,19,36,1.8945e+05,0.543,-0.198
9,19,36,1.8949e+05,0.194,0.223
9,19,36,1.8953e+05,0.121,-0.256
9,19,36,1.8957e+05,-0.023,0.051
9,19,36,1.8961e+05,-0.678,0.671
9,19,36,1.8965e+05,0.585,-0.933
9,19,36,1.8969e+05,-0.632,1.11
9,19,36,1.8973e+05,0.742,-1.035
9,19,36,1.8976e+05,0.308,0.452
9,19,36,1.898e+05,0.291,-0.237
9,19,36,1.8984e+05,0.137,-0.791
9,19,36,1.8988e+05,-1.009,1.538
9,19,36,1.8992e+05,0.369,-0.681
9,19,36,1.8996e+05,0.534,0.632
9,19,36,1.9e+05,0.703,-0.46
9,19,36,1.9004e+05,0.759,-0.723
9,19,36,1.9008e+05,-1.149,1.5
9,19,36,1.9012e+05,0.431,-0.799
9,19,36,1.9016e+05,-0.764,0.798
9,19,36,1.902e+05,0.861,-0.955
9,19,36,1.9023e+05,0.338,0.14
9,19,36,1.9027e+05,-0.492,1.144
9,19,36,1.9031e+05,0.45,-1.973
9,19,36,1.9035e+05,-1.502,1.517
9,19,36,1.9039e+05,0.815,-1.642
9,19,36,1.9043e+05,-0.678,1.326
9,19,36,1.9047e+05,1.197,-1.114
9,19,36,1.9051e+05,-0.154,-0.186
9,19,36,1.9055e+05,-0.073,1.053
9,19,36,1.9058e+05,0.061,-0.763
9,19,36,1.9062e+05,-0.374,1.385
9,19,36,1.9066e+05,1.229,-1.225
9,19,36,1.907e+05,0.3,1.363
9,19,36,1.9074e+05,1.217,-0.89
9,19,36,1.9078e+05,-0.097,0.653
9,19,36,1.9082e+05,-0.118,-0.369
9,19,36,1.9086e+05,-0.132,0.058
9,19,36,1.909e+05,-0.029,0.519
9,19,36,1.9094e+05,0.192,-0.452
9,19,36,1.9098e+05,-0.384,0.395
9,19,36,1.9102e+05,-1.145,0.018
9,19,36,1.9105e+05,-0.896,-0.506
9,19,36,1.9109e+05,-0.817,0.156
9,19,36,1.9113e+05,0.122,-0.805
9,19,36,1.9117e+05,0.078,-0.436
9,19,36,1.9121e+05,0.007,-0.418
9,19,36,1.9125e+05,-0.264,-0.303
9,19,36,1.9129e+05,-1.107,1.194
9,19,36,1.9133e+05,0.332,-0.727
9,19,36,1.9137e+05,-0.053,0.969
9,19,36,1.9141e+05,1.599,-0.44
9,19,36,1.9144e+05,1.049,0.463
9,19,36,1.9148e+05,0.654,-0.147
9,19,36,1.9152e+05,0.371,-0.823
9,19,36,1.9156e+05,-0.511,0.896
9,19,36,1.916e+05,0.766,-0.879
9,19,36,1.9164e+05,0.552,1.007
9,19,36,1.9168e+05,1.347,-1.372
9,19,36,1.9172e+05,-0.031,0.458
9,19,36,1.9176e+05,-0.202,-0.287
9,19,36,1.918e+05,-0.446,-0.208
9,19,36,1.9184e+05,-0.698,0.81
9,19,36,1.9187e+05,0.564,-1.143
9,19,36,1.9191e+05,0.2,0.244
9,19,36,1.9195e+05,-0.372,-0.07
9,19,36,1.9199e+05,-0.684,-0.133
9,19,36,1.9203e+05,-1.637,1.05
9,19,36,1.9207e+05,0.39,-0.772
9,19,36,1.9211e+05,0.465,-0.108
9,19,36,1.9215e+05,0.652,-0.644
9,19,36,1.9219e+05,-0.157,-0.107
9,19,36,1.9223e+05,-1.016,1.452
9,19,36,1.9226e+05,0.182,-1.105
9,19,36,1.923e+05,0.262,1.217
9,19,36,1.9234e+05,2.483,-2.221
9,19,36,1.9238e+05,0.433,1.27
9,19,36,1.9242e+05,0.62,-0.568
9,19,36,1.9246e+05,0.007,-0.003
9,19,36,1.925e+05,-0.168,0.616
9,19,36,1.9254e+05,1.222,-1.424
9,19,36,1.9258e+05,-0.189,1.621
9,19,36,1.9262e+05,1.563,-1.848
9,19,36,1.9266e+05,-0.775,1.14
9,19,36,1.927e+05,0.143,-0.523
9,19,36,1.9273e+05,-0.049,0.044
9,19,36,1.9277e+05,0.244,0.421
9,19,36,1.9281e+05,1.098,-1.461
9,19,36,1.9285e+05,-0.69,1.68
9,19,36,1.9289e+05,-0.089,-1.382
9,19,36,1.9293e+05,-1.812,1.764
9,19,36,1.9297e+05,-0.491,-0.12
9,19,36,1.9301e+05,-0.105,-0.05
9,19,36,1.9305e+05,0.519,-0.24
9,19,36,1.9308e+05,0.995,-0.8
9,19,36,1.9312e+05,0.296,0.129
9,19,36,1.9316e+05,-0.041,-0.132
9,19,36,1.932e+05,-0.108,0.053
9,19,36,1.9324e+05,-0.207,0.711
9,19,36,1.9328e+05,0.822,-0.658
9,19,36,1.9332e+05,-0.052,0.74
9,19,36,1.9336e+05,0.755,-0.806
9,19,36,1.934e+05,0.256,0.176
9,19,36,1.9344e+05,0.348,0.115
9,19,36,1.9348e+05,0.143,-0.545
9,19,36,1.9352e+05,-0.381,0.641
9,19,36,1.9355e+05,0.179,-0.208
9,19,36,1.9359e+05,-0.302,0.934
9,19,36,1.9363e+05,0.309,-0.38
9,19,36,1.9367e+05,-0.392,-0.147
9,19,36,1.9371e+05,-0.404,-0.414
9,19,36,1.9375e+05,-1.057,0.793
9,19,36,1.9379e+05,-0.179,-0.219
9,19,36,1.9383e+05,-1.026,0.508
9,19,36,1.9387e+05,0.019,-0.086
9,19,36,1.9391e+05,-0.249,0.399
9,19,36,1.9394e+05,0.468,0.083
9,19,36,1.9398e+05,0.679,-0.963
9,19,36,1.9402e+05,-0.151,0.312
9,19,36,1.9406e+05,-0.3,-0.07
9,19,36,1.941e+05,-0.412,0.844
9,19,36,1.9414e+05,-0.671,0.147
9,19,36,1.9418e+05,0.546,-0.223
9,19,36,1.9422e+05,0.246,-0.631
9,19,36,1.9426e+05,-0.888,0.563
9,19,36,1.943e+05,-0.113,-0.746
9,19,36,1.9434e+05,-1.488,1.867
9,19,36,1.9437e+05,0.259,-1.289
9,19,36,1.9441e+05,-0.765,1.371
9,19,36,1.9445e+05,0.118,-0.81
9,19,36,1.9449e+05,-0.586,-0.26
9,19,36,1.9453e+05,-1.192,0.598
9,19,36,1.9457e+05,-0.585,-0.931
9,19,36,1.9461e+05,-0.887,1.385
9,19,36,1.9465e+05,0.692,-1.172
9,19,36,1.9469e+05,-0.055,1.287
9,19,36,1.9473e+05,0.521,-0.946
9,19,36,1.9476e+05,-0.83,0.513
9,19,36,1.948e+05,-0.698,-0.035
9,19,36,1.9484e+05,-0.16,0.152
9,19,36,1.9488e+05,0.229,0.846
9,19,36,1.9492e+05,1.422,-1.3
9,19,36,1.9496e+05,0.253,1.367
9,19,36,1.95e+05,0.666,-1.1
9,19,36,1.9504e+05,-0.746,1.269
9,19,36,1.9508e+05,0.142,-0.147
9,19,36,1.9512e+05,0.14,0.517
9,19,36,1.9516e+05,0.449,0.302
9,19,36,1.952e+05,0.43,-0.596
9,19,36,1.9523e+05,-0.172,0.384
9,19,36,1.9527e+05,-0.008,-0.902
9,19,36,1.9531e+05,-0.639,0.768
9,19,36,1.9535e+05,0.241,-0.559
9,19,36,1.9539e+05,-0.6,0.701
9,19,36,1.9543e+05,0.487,-0.633
9,19,36,1.9547e+05,-1.016,0.939
9,19,36,1.9551e+05,-0.21,-0.261
9,19,36,1.9555e+05,-0.952,0.804
9,19,36,1.9558e+05,-0.24,0.09
9,19,36,1.9562e+05,0.143,-0.61
9,19,36,1.9566e+05,0.195,0.591
9,19,36,1.957e+05,0.219,-1.011
9,19,36,1.9574e+05,-0.512,1.245
9,19,36,1.9578e+05,-0.117,-0.72
9,19,36,1.9582e+05,-0.374,0.79
9,19,36,1.9586e+05,0.468,-0.758
9,19,36,1.959e+05,0.292,0.353
9,19,36,1.9594e+05,0.679,-0.469
9,19,36,1.9598e+05,-0.81,0.498
9,19,36,1.9602e+05,-0.688,0.097
9,19,36,1.9605e+05,-0.571,0.276
9,19,36,1.9609e+05,0.137,0.354
9,19,36,1.9613e+05,0.746,-0.571
9,19,36,1.9617e+05,-0.199,0.451
9,19,36,1.9621e+05,-0.571,-0.707
9,19,36,1.9625e+05,-1.35,0.402
9,19,36,1.9629e+05,-0.616,-0.183
9,19,36,1.9633e+05,0.081,0.319
9,19,36,1.9637e+05,0.79,-0.041
9,19,36,1.9641e+05,0.473,-0.573
9,19,36,1.9644e+05,-0.385,0.331
9,19,36,1.9648e+05,-0.758,0.061
9,19,36,1.9652e+05,-0.137,0.228
9,19,36,1.9656e+05,0.727,-0.075
9,19,36,1.966e+05,0.692,0.007
9,19,36,1.9664e+05,0.822,-0.431
9,19,36,1.9668e+05,-0.243,1.002
9,19,36,1.9672e+05,0.496,-0.744
9,19,36,1.9676e+05,-0.488,0.582
9,19,36,1.968e+05,0.199,-0.663
9,19,36,1.9684e+05,-0.252,0.436
9,19,36,1.9687e+05,0.165,0.101
9,19,36,1.9691e+05,-0.458,-0.08
9,19,36,1.9695e+05,-0.541,-0.555
9,19,36,1.9699e+05,-0.731,0.024
9,19,36,1.9703e+05,-0.631,0.464
9,19,36,1.9707e+05,0.459,-0.646
9,19,36,1.9711e+05,0.519,-0.215
9,19,36,1.9715e+05,-0.179,-0.241
9,19,36,1.9719e+05,-0.217,-0.051
9,19,36,1.9723e+05,-1.329,0.969
9,19,36,1.9726e+05,0.27,-0.451
9,19,36,1.973e+05,0.526,0.823
9,19,36,1.9734e+05,1.448,-0.778
9,19,36,1.9738e+05,0.463,0.204
9,19,36,1.9742e+05,0.321,-0.26
9,19,36,1.9746e+05,-0.354,0.232
9,19,36,1.975e+05,0.171,0.699
9,19,36,1.9754e+05,0.59,-0.364
9,19,36,1.9758e+05,0.327,0.322
9,19,36,1.9762e+05,0.535,-0.885
9,19,36,1.9766e+05,-0.094,0.315
9,19,36,1.977e+05,-0.373,-0.389
9,19,36,1.9773e+05,-0.801,0.126
9,19,36,1.9777e+05,-0.228,0.082
9,19,36,1.9781e+05,0.3,0.1
9,19,36,1.9785e+05,0.412,-0.399
9,19,36,1.9789e+05,0.238,-0.459
9,19,36,1.9793e+05,-0.349,0.002
9,19,36,1.9797e+05,-0.242,-0.188
9,19,36,1.9801e+05,-0.372,0.229
9,19,36,1.9805e+05,0.643,-0.323
9,19,36,1.9808e+05,0.553,0.149
9,19,36,1.9812e+05,0.388,0.154
9,19,36,1.9816e+05,-0.351,0.116
9,19,36,1.982e+05,-0.395,0.075
9,19,36,1.9824e+05,-0.475,0.007
9,19,36,1.9828e+05,-0.066,0.557
9,19,36,1.9832e+05,0.676,-0.931
9,19,36,1.9836e+05,0.051,-0.015
9,19,36,1.984e+05,0.191,-0.626
9,19,36,1.9844e+05,-0.248,0.752
9,19,36,1.9848e+05,0.077,-1.149
9,19,36,1.9852e+05,-0.423,0.596
9,19,36,1.9855e+05,0.933,-0.555
9,19,36,1.9859e+05,0.868,-0.352
9,19,36,1.9863e+05,0.293,0.054
9,19,36,1.9867e+05,-0.37,0.368
9,19,36,1.9871e+05,-0.175,-0.501
9,19,36,1.9875e+05,-0.536,0.763
9,19,36,1.9879e+05,0.955,-0.387
9,19,36,1.9883e+05,0.366,-0.197
9,19,36,1.9887e+05,-0.052,0.281
9,19,36,1.9891e+05,-0.306,-0.698
9,19,36,1.9894e+05,-0.693,1.327
9,19,36,1.9898e+05,-0.108,-0.893
9,19,36,1.9902e+05,-0.284,0.879
9,19,36,1.9906e+05,0.933,-0.743
9,19,36,1.991e+05,0.277,0.286
9,19,36,1.9914e+05,0.01,-0.015
9,19,36,1.9918e+05,-0.947,-0.37
9,19,36,1.9922e+05,-1.424,0.032
9,19,36,1.9926e+05,0.183,-0.526
9,19,36,1.993e+05,0.925,0.466
9,19,36,1.9934e+05,1.323,-0.136
9,19,36,1.9937e+05,-0.035,-0.665
9,19,36,1.9941e+05,-1.801,0.302
9,19,36,1.9945e+05,-1.128,0.463
9,19,36,1.9949e+05,-0.406,1.099
9,19,36,1.9953e+05,1.577,-1.187
9,19,36,1.9957e+05,1.051,-0.095
9,19,36,1.9961e+05,0.693,-0.211
9,19,36,1.9965e+05,-0.319,0.271
9,19,36,1.9969e+05,-0.51,0.648
9,19,36,1.9973e+05,0.409,-0.78
9,19,36,1.9976e+05,0.517,0.624
9,19,36,1.998e+05,0.562,-0.554
9,19,36,1.9984e+05,-0.609,0.63
9,19,36,1.9988e+05,-0.502,-0.79
9,19,36,1.9992e+05,-1.169,0.617
9,19,36,1.9996e+05,-0.185,0.146
9,19,36,2e+05,0.154,0.175
9,19,36,2.0004e+05,0.336,-0.127
9,19,36,2.0008e+05,-0.07,-0.077
9,19,36,2.0012e+05,-1.06,0.033
9,19,36,2.0016e+05,-0.457,-0.732
9,19,36,2.002e+05,-0.442,0.693
9,19,36,2.0023e+05,0.692,-0.493
9,19,36,2.0027e+05,0.476,0.392
9,19,36,2.0031e+05,0.342,0.201
9,19,36,2.0035e+05,-0.365,0.417
9,19,36,2.0039e+05,-0.394,0.886
9,19,36,2.0043e+05,0.229,-1.073
9,19,36,2.0047e+05,0.488,0.173
9,19,36,2.0051e+05,0.786,-0.647
9,19,36,2.0055e+05,-0.24,0.697
9,19,36,2.0058e+05,-0.319,0.209
9,19,36,2.0062e+05,-1.075,0.059
9,19,36,2.0066e+05,-0.661,0.195
9,19,36,2.007e+05,0.001,-0.175
9,19,36,2.0074e+05,0.162,0.05
9,19,36,2.0078e+05,0.424,-0.808
9,19,36,2.0082e+05,-0.415,0.278
9,19,36,2.0086e+05,-0.425,0.313
9,19,36,2.009e+05,0.027,-0.025
9,19,36,2.0094e+05,-0.215,0.177
9,19,36,2.0098e+05,0.15,-0.477
9,19,36,2.0102e+05,-0.046,0.188
9,19,36,2.0105e+05,0.29,0.159
9,19,36,2.0109e+05,-0.205,0.473
9,19,36,2.0113e+05,-0.094,-0.426
9,19,36,2.0117e+05,-0.301,0.291
9,19,36,2.0121e+05,0.098,0.29
9,19,36,2.0125e+05,0.586,-0.031
9,19,36,2.0129e+05,0.171,0.185
9,19,36,2.0133e+05,-0.149,-0.728
9,19,36,2.0137e+05,-0.621,0.443
9,19,36,2.0141e+05,-0.286,0.148
9,19,36,2.0144e+05,0.366,0.082
9,19,36,2.0148e+05,0.801,-0.523
9,19,36,2.0152e+05,0.602,-0.784
9,19,36,2.0156e+05,-0.282,0.826
9,19,36,2.016e+05,-0.837,0.63
9,19,36,2.0164e+05,-0.32,0.337
9,19,36,2.0168e+05,0.623,0.015
9,19,36,2.0172e+05,0.775,-0.082
9,19,36,2.0176e+05,0.195,0.128
9,19,36,2.018e+05,-0.044,-0.418
9,19,36,2.0184e+05,-0.521,-0.199
9,19,36,2.0187e+05,-0.363,-0.091
9,19,36,2.0191e+05,0.659,-0.274
9,19,36,2.0195e+05,0.502,0.88
9,19,36,2.0199e+05,0.437,0.097
9,19,36,2.0203e+05,-0.185,0.495
9,19,36,2.0207e+05,-0.594,-0.228
9,19,36,2.0211e+05,-0.518,0.818
9,19,36,2.0215e+05,0.6,-0.13
9,19,36,2.0219e+05,-0.028,0.134
9,19,36,2.0223e+05,0.248,-0.63
9,19,36,2.0226e+05,-0.123,-0.247
9,19,36,2.023e+05,-0.646,0.018
9,19,36,2.0234e+05,-0.01,-0.505
9,19,36,2.0238e+05,-0.269,0.438
9,19,36,2.0242e+05,1.187,-1.409
9,19,36,2.0246e+05,0.213,0.731
9,19,36,2.025e+05,0.329,-0.31
9,19,36,2.0254e+05,-0.621,1.185
9,19,36,2.0258e+05,-0.59,0.71
9,19,36,2.0262e+05,-0.149,-0.584
9,19,36,2.0266e+05,-0.141,0.983
9,19,36,2.027e+05,0.943,-1.278
9,19,36,2.0273e+05,-0.174,1.136
9,19,36,2.0277e+05,0.436,-1.199
9,19,36,2.0281e+05,-0.975,0.201
9,19,36,2.0285e+05,-0.499,0.265
9,19,36,2.0289e+05,-0.019,-0.24
9,19,36,2.0293e+05,0.607,0.493
9,19,36,2.0297e+05,1.231,-1.107
9,19,36,2.0301e+05,-0.021,1.058
9,19,36,2.0305e+05,0.009,0.223
9,19,36,2.0308e+05,-0.688,0.364
9,19,36,2.0312e+05,0.039,-0.594
9,19,36,2.0316e+05,0.465,-0.326
9,19,36,2.032e+05,0.585,0.002
9,19,36,2.0324e+05,0.44,-0.568
9,19,36,2.0328e+05,-0.387,0.462
9,19,36,2.0332e+05,-0.023,-0.555
9,19,36,2.0336e+05,-0.088,0.823
9,19,36,2.034e+05,0.139,-0.08
9,19,36,2.0344e+05,0.07,0.24
9,19,36,2.0348e+05,0.204,0.067
9,19,36,2.0352e+05,0.059,-0.188
9,19,36,2.0355e+05,0.153,0.492
9,19,36,2.0359e+05,0.079,0.157
9,19,36,2.0363e+05,0.298,-0.543
9,19,36,2.0367e+05,-0.295,-0.083
9,19,36,2.0371e+05,-0.63,0.54
9,19,36,2.0375e+05,-0.629,0.239
9,19,36,2.0379e+05,-0.232,-0.319
9,19,36,2.0383e+05,0.6,-0.655
9,19,36,2.0387e+05,1.079,-0.107
9,19,36,2.0391e+05,0.758,-0.584
9,19,36,2.0394e+05,-0.123,0.521
9,19,36,2.0398e+05,-0.433,-0.325
9,19,36,2.0402e+05,-0.498,0.462
9,19,36,2.0406e+05,0.29,-0.08
9,19,36,2.041e+05,0.631,-0.101
9,19,36,2.0414e+05,1.032,-0.399
9,19,36,2.0418e+05,0.362,0.129
9,19,36,2.0422e+05,-0.055,0.104
9,19,36,2.0426e+05,-0.527,0.017
9,19,36,2.043e+05,-0.342,0.231
9,19,36,2.0434e+05,0.587,-0.419
9,19,36,2.0437e+05,0.634,-0.092
9,19,36,2.0441e+05,0.284,-0.276
9,19,36,2.0445e+05,-0.079,-0.532
9,19,36,2.0449e+05,-0.452,0.472
9,19,36,2.0453e+05,0.492,-0.501
9,19,36,2.0457e+05,0.574,-0.032
9,19,36,2.0461e+05,0.921,-0.59
9,19,36,2.0465e+05,0.161,0.682
9,19,36,2.0469e+05,0.154,0.814
9,19,36,2.0473e+05,-0.325,-0.114
9,19,36,2.0476e+05,-0.238,0.153
9,19,36,2.048e+05,-0.142,-0.9
9,19,36,2.0484e+05,-0.272,0.38
9,19,36,2.0488e+05,0.321,-0.059
9,19,36,2.0492e+05,0.405,-0.483
9,19,36,2.0496e+05,0.323,-0.444
9,19,36,2.05e+05,-0.221,-0.313
9,19,36,2.0504e+05,-0.082,-0.461
9,19,36,2.0508e+05,0.171,0.129
9,19,36,2.0512e+05,-0.035,0.269
9,19,36,2.0516e+05,-0.082,-0.344
9,19,36,2.052e+05,-0.453,0.711
9,19,36,2.0523e+05,0.455,-0.791
9,19,36,2.0527e+05,0.204,0.374
9,19,36,2.0531e+05,0.519,-0.781
9,19,36,2.0535e+05,-0.39,0.811
9,19,36,2.0539e+05,0.123,0.184
9,19,36,2.0543e+05,0.019,-0.311
9,19,36,2.0547e+05,0.291,-0.517
9,19,36,2.0551e+05,0.345,-0.326
9,19,36,2.0555e+05,0.39,0.8
9,19,36,2.0558e+05,0.761,-0.213
9,19,36,2.0562e+05,0.538,0.081
9,19,36,2.0566e+05,0.487,-0.519
9,19,36,2.057e+05,0.081,0.485
9,19,36,2.0574e+05,0.094,-0.067
9,19,36,2.0578e+05,0.505,-0.703
9,19,36,2.0582e+05,0.815,-0.571
9,19,36,2.0586e+05,0.617,0.023
9,19,36,2.059e+05,0.327,-0.625
9,19,36,2.0594e+05,-0.098,0.22
9,19,36,2.0598e+05,0.119,0.127
9,19,36,2.0602e+05,0.084,0.691
9,19,36,2.0605e+05,0.047,0.172
9,19,36,2.0609e+05,-0.546,0.17
9,19,36,2.0613e+05,-0.759,0.306
9,19,36,2.0617e+05,-0.569,0.227
9,19,36,2.0621e+05,0.032,-0.039
9,19,36,2.0625e+05,0.873,-0.987
9,19,36,2.0629e+05,-0.077,0.341
9,19,36,2.0633e+05,0.246,-0.623
9,19,36,2.0637e+05,-0.644,0.401
9,19,36,2.0641e+05,-0.263,-0.215
9,19,36,2.0644e+05,0.291,-0.107
9,19,36,2.0648e+05,0.624,0.016
9,19,36,2.0652e+05,0.396,-0.754
9,19,36,2.0656e+05,-0.882,1.002
9,19,36,2.066e+05,-0.466,-0.494
9,19,36,2.0664e+05,-0.721,0.875
9,19,36,2.0668e+05,0.404,-0.206
9,19,36,2.0672e+05,0.044,0.541
9,19,36,2.0676e+05,-0.089,0.243
9,19,36,2.068e+05,-0.628,-0.115
9,19,36,2.0684e+05,-1.164,0.903
9,19,36,2.0687e+05,-0.873,-0.152
9,19,36,2.0691e+05,-1.101,1.113
9,19,36,2.0695e+05,0.269,-0.691
9,19,36,2.0699e+05,-0.788,0.102
9,19,36,2.0703e+05,-0.436,-0.357
9,19,36,2.0707e+05,-0.566,0.269
9,19,36,2.0711e+05,-0.574,0.8
9,19,36,2.0715e+05,0.922,-1.178
9,19,36,2.0719e+05,0.298,0.333
9,19,36,2.0723e+05,0.573,-0.847
9,19,36,2.0726e+05,-0.646,0.814
9,19,36,2.073e+05,-0.678,0.286
9,19,36,2.0734e+05,0.041,-0.502
9,19,36,2.0738e+05,0.266,0.453
9,19,36,2.0742e+05,1.183,-0.455
9,19,36,2.0746e+05,0.793,-0.2
9,19,36,2.075e+05,-0.246,0.203
9,19,36,2.0754e+05,-0.622,0.111
9,19,36,2.0758e+05,-1.12,1.361
9,19,36,2.0762e+05,-0.226,0.067
9,19,36,2.0766e+05,0.178,0.381
9,19,36,2.077e+05,0.889,-0.685
9,19,36,2.0773e+05,0.122,0.238
9,19,36,2.0777e+05,-0.15,-0.019
9,19,36,2.0781e+05,-0.734,-0.477
9,19,36,2.0785e+05,-0.721,0.518
9,19,36,2.0789e+05,0.256,-0.594
9,19,36,2.0793e+05,0.441,0.672
9,19,36,2.0797e+05,1.06,-1.017
9,19,36,2.0801e+05,-0.344,0.736
9,19,36,2.0805e+05,-0.583,-0.212
9,19,36,2.0808e+05,-1.255,0.637
9,19,36,2.0812e+05,-0.25,0.427
9,19,36,2.0816e+05,0.85,-0.288
9,19,36,2.082e+05,1.204,0.205
9,19,36,2.0824e+05,1.344,-0.41
9,19,36,2.0828e+05,0.245,0.208
9,19,36,2.0832e+05,-0.485,-0.113
9,19,36,2.0836e+05,-0.928,0.497
9,19,36,2.084e+05,0.182,-0.144
9,19,36,2.0844e+05,0.462,-0.044
9,19,36,2.0848e+05,0.782,0.364
9,19,36,2.0852e+05,0.18,0.064
9,19,36,2.0855e+05,-0.673,-0.144
9,19,36,2.0859e+05,-0.677,-0.17
9,19,36,2.0863e+05,-0.341,0.099
9,19,36,2.0867e+05,0.311,0.079
9,19,36,2.0871e+05,0.386,-0.046
9,19,36,2.0875e+05,-0.388,-0.433
9,19,36,2.0879e+05,-0.972,-0.263
9,19,36,2.0883e+05,-0.797,0.494
9,19,36,2.0887e+05,0.183,-0.03
9,19,36,2.0891e+05,0.822,-0.212
9,19,36,2.0894e+05,1.253,-0.128
9,19,36,2.0898e+05,0.447,-0.143
9,19,36,2.0902e+05,-0.391,0.247
9,19,36,2.0906e+05,-0.546,0.594
9,19,36,2.091e+05,-0.257,0.845
9,19,36,2.0914e+05,0.687,-0.692
9,19,36,2.0918e+05,1.012,-0.255
9,19,36,2.0922e+05,1.089,-0.428
9,19,36,2.0926e+05,-0.023,0.558
9,19,36,2.093e+05,-0.541,-0.512
9,19,36,2.0934e+05,-1.196,0.067
9,19,36,2.0937e+05,-0.364,0.23
9,19,36,2.0941e+05,0.043,0.188
9,19,36,2.0945e+05,0.628,-0.207
9,19,36,2.0949e+05,0.5,-0.228
9,19,36,2.0953e+05,0.014,-0.044
9,19,36,2.0957e+05,-0.19,-0.671
9,19,36,2.0961e+05,-1.025,1.197
9,19,36,2.0965e+05,-0.114,-0.186
9,19,36,2.0969e+05,0.248,0.591
9,19,36,2.0973e+05,0.857,-0.316
9,19,36,2.0976e+05,1.007,-0.171
9,19,36,2.098e+05,0.283,0.247
9,19,36,2.0984e+05,-0.353,-0.595
9,19,36,2.0988e+05,-1.047,0.694
9,19,36,2.0992e+05,-0.12,-0.292
9,19,36,2.0996e+05,0.601,0.101
9,19,36,2.1e+05,0.876,0.256
9,19,36,2.1004e+05,0.217,-0.121
9,19,36,2.1008e+05,-0.562,0.392
9,19,36,2.1012e+05,-0.605,-0.664
9,19,36,2.1016e+05,-0.529,0.136
9,19,36,2.102e+05,0.548,-0.382
9,19,36,2.1023e+05,0.64,-0.033
9,19,36,2.1027e+05,0.787,-0.578
9,19,36,2.1031e+05,-0.223,-0.134
9,19,36,2.1035e+05,-1.03,0.593
9,19,36,2.1039e+05,-0.547,-0.326
9,19,36,2.1043e+05,-0.467,0.991
9,19,36,2.1047e+05,0.509,-0.526
9,19,36,2.1051e+05,0.033,0.237
9,19,36,2.1055e+05,-0.135,-0.271
9,19,36,2.1058e+05,-0.546,0.094
9,19,36,2.1062e+05,-0.256,0.158
9,19,36,2.1066e+05,0.208,-0.024
9,19,36,2.107e+05,0.395,-0.451
9,19,36,2.1074e+05,0.31,-0.352
9,19,36,2.1078e+05,0.118,0.098
9,19,36,2.1082e+05,0.215,0.174
9,19,36,2.1086e+05,0.743,-0.419
9,19,36,2.109e+05,0.519,0.072
9,19,36,2.1094e+05,0.362,-0.43
9,19,36,2.1098e+05,-0.124,0.483
9,19,36,2.1102e+05,0.334,-0.595
9,19,36,2.1105e+05,0.075,-0.21
9,19,36,2.1109e+05,0.022,0.936
9,19,36,2.1113e+05,-0.018,-0.434
9,19,36,2.1117e+05,-0.088,-0.116
9,19,36,2.1121e+05,0.026,-0.596
9,19,36,2.1125e+05,0.011,0.354
9,19,36,2.1129e+05,0.117,0.412
9,19,36,2.1133e+05,0.231,-0.443
9,19,36,2.1137e+05,0.288,-0.447
9,19,36,2.1141e+05,0.399,0.184
9,19,36,2.1144e+05,-0.056,0.705
9,19,36,2.1148e+05,-0.231,-0.638
9,19,36,2.1152e+05,-0.508,0.226
9,19,36,2.1156e+05,0.162,0.426
9,19,36,2.116e+05,0.618,-0.082
9,19,36,2.1164e+05,0.596,0.531
9,19,36,2.1168e+05,0.127,-1.148
9,19,36,2.1172e+05,-0.201,0.359
9,19,36,2.1176e+05,0.29,0.116
9,19,36,2.118e+05,0.467,-0.348
9,19,36,2.1184e+05,0.296,-0.037
9,19,36,2.1187e+05,0.362,-0.197
9,19,36,2.1191e+05,0.2,0.281
9,19,36,2.1195e+05,0.464,0.378
9,19,36,2.1199e+05,0.331,0.011
9,19,36,2.1203e+05,0.21,-0.225
9,19,36,2.1207e+05,-0.057,-0.039
9,19,36,2.1211e+05,-0.419,0.994
9,19,36,2.1215e+05,0.189,-0.512
9,19,36,2.1219e+05,-0.257,0.409
9,19,36,2.1223e+05,0.718,-1.363
9,19,36,2.1226e+05,0.407,0.065
9,19,36,2.123e+05,0.231,0.178
9,19,36,2.1234e+05,0.191,-0.483
9,19,36,2.1238e+05,-0.22,1.046
9,19,36,2.1242e+05,0.83,-1.031
9,19,36,2.1246e+05,-0.258,0.744
9,19,36,2.125e+05,-0.033,-0.146
9,19,36,2.1254e+05,-0.35,-0.296
9,19,36,2.1258e+05,-0.228,0.152
9,19,36,2.1262e+05,0.473,-0.376
9,19,36,2.1266e+05,0.404,0.167
9,19,36,2.127e+05,0.096,-0.064
9,19,36,2.1273e+05,-0.514,0.55
9,19,36,2.1277e+05,-0.387,0.232
9,19,36,2.1281e+05,-0.51,-0.089
9,19,36,2.1285e+05,-0.374,0.12
9,19,36,2.1289e+05,0.262,0.106
9,19,36,2.1293e+05,0.107,-0.265
9,19,36,2.1297e+05,-0.016,-0.222
9,19,36,2.1301e+05,-0.084,-0.268
9,19,36,2.1305e+05,-0.364,0.345
9,19,36,2.1308e+05,-0.068,0.242
9,19,36,2.1312e+05,0.211,0.401
9,19,36,2.1316e+05,0.188,0.034
9,19,36,2.132e+05,0.215,-0.145
9,19,36,2.1324e+05,-0.145,0.136
9,19,36,2.1328e+05,-0.421,0.322
9,19,36,2.1332e+05,-0.441,-0.603
9,19,36,2.1336e+05,-0.438,0.107
9,19,36,2.134e+05,-0.2,-0.22
9,19,36,2.1344e+05,-0.092,0.289
9,19,36,2.1348e+05,0.459,-0.202
9,19,36,2.1352e+05,0.337,0.452
9,19,36,2.1355e+05,0.377,0.103
9,19,36,2.1359e+05,-0.135,0.194
9,19,36,2.1363e+05,-0.55,0.11
9,19,36,2.1367e+05,-0.439,-0.308
9,19,36,2.1371e+05,0.037,0.585
9,19,36,2.1375e+05,0.67,-0.211
9,19,36,2.1379e+05,0.13,-0.099
9,19,36,2.1383e+05,-0.486,-0.123
9,19,36,2.1387e+05,-0.918,0.366
9,19,36,2.1391e+05,-0.608,0.229
9,19,36,2.1394e+05,-0.136,0.249
9,19,36,2.1398e+05,0.548,-0.362
9,19,36,2.1402e+05,0.415,-0.076
9,19,36,2.1406e+05,0.097,0.075
9,19,36,2.141e+05,-0.288,0.163
9,19,36,2.1414e+05,-0.38,0.297
9,19,36,2.1418e+05,-0.232,0.149
9,19,36,2.1422e+05,0.251,0.044
9,19,36,2.1426e+05,0.33,-0.272
9,19,36,2.143e+05,-0.071,0.306
9,19,36,2.1434e+05,-0.434,0.104
9,19,36,2.1437e+05,-0.939,0.605
9,19,36,2.1441e+05,-0.768,0.102
9,19,36,2.1445e+05,-0.516,0.436
9,19,36,2.1449e+05,0.778,-0.734
9,19,36,2.1453e+05,0.664,0.204
9,19,36,2.1457e+05,0.759,-0.048
9,19,36,2.1461e+05,0.017,-0.158
9,19,36,2.1465e+05,-0.477,-0.072
9,19,36,2.1469e+05,-0.378,0.178
9,19,36,2.1473e+05,0.311,0.59
9,19,36,2.1476e+05,0.307,-0.143
9,19,36,2.148e+05,0.453,-0.334
9,19,36,2.1484e+05,-0.163,-0.022
9,19,36,2.1488e+05,-0.414,0.304
9,19,36,2.1492e+05,-0.438,-0.17
9,19,36,2.1496e+05,-0.678,0.495
9,19,36,2.15e+05,0.264,-0.497
9,19,36,2.1504e+05,0.062,1.061
9,19,36,2.1508e+05,0.457,-0.213
9,19,36,2.1512e+05,-0.612,0.448
9,19,36,2.1516e+05,-0.418,-0.088
9,19,36,2.152e+05,0.122,-0.176
9,19,36,2.1523e+05,0.68,-0.316
9,19,36,2.1527e+05,0.828,0.038
9,19,36,2.1531e+05,0.352,0.453
9,19,36,2.1535e+05,0.318,-0.414
9,19,36,2.1539e+05,-0.088,0.31
9,19,36,2.1543e+05,-0.155,0.108
9,19,36,2.1547e+05,-0.183,0.022
9,19,36,2.1551e+05,-0.11,0.159
9,19,36,2.1555e+05,-0.291,-0.418
9,19,36,2.1558e+05,-0.505,0.24
9,19,36,2.1562e+05,-0.098,-0.16
9,19,36,2.1566e+05,0.111,0.106
9,19,36,2.157e+05,0.379,0.269
9,19,36,2.1574e+05,0.263,-0.086
9,19,36,2.1578e+05,0.09,-0.142
9,19,36,2.1582e+05,-0.103,0.129
9,19,36,2.1586e+05,0.251,0.629
9,19,36,2.159e+05,0.683,-0.198
9,19,36,2.1594e+05,0.612,-0.086
9,19,36,2.1598e+05,0.683,-0.287
9,19,36,2.1602e+05,-0.129,0.819
9,19,36,2.1605e+05,0.055,-0.31
9,19,36,2.1609e+05,-0.672,0.212
9,19,36,2.1613e+05,-0.042,0.136
9,19,36,2.1617e+05,0.573,0.199
9,19,36,2.1621e+05,0.734,-0.138
9,19,36,2.1625e+05,0.364,-0.935
9,19,36,2.1629e+05,-0.867,0.325
9,19,36,2.1633e+05,-1.039,0.576
9,19,36,2.1637e+05,-0.309,0.408
9,19,36,2.1641e+05,0.761,-0.763
9,19,36,2.1644e+05,0.958,-0.133
9,19,36,2.1648e+05,0.093,0.929
9,19,36,2.1652e+05,-0.378,-0.081
9,19,36,2.1656e+05,-0.661,0.135
9,19,36,2.166e+05,-0.025,-0.144
9,19,36,2.1664e+05,1.172,-0.079
9,19,36,2.1668e+05,0.878,0.895
9,19,36,2.1672e+05,1.178,-1.063
9,19,36,2.1676e+05,-0.241,-0.028
9,19,36,2.168e+05,-0.483,-0.136
9,19,36,2.1684e+05,-0.553,0.781
9,19,36,2.1687e+05,0.913,0.477
9,19,36,2.1691e+05,1.824,-1.543
9,19,36,2.1695e+05,0.69,0.542
9,19,36,2.1699e+05,0.48,-0.988
9,19,36,2.1703e+05,-1.465,1.309
9,19,36,2.1707e+05,-0.878,-0.652
9,19,36,2.1711e+05,-0.668,-0.124
9,19,36,2.1715e+05,0.326,-0.157
9,19,36,2.1719e+05,0.551,-0.338
9,19,36,2.1723e+05,-0.235,0.605
9,19,36,2.1726e+05,-0.504,-0.45
9,19,36,2.173e+05,-0.548,0.419
9,19,36,2.1734e+05,0.096,-0.119
9,19,36,2.1738e+05,0.681,0.116
9,19,36,2.1742e+05,0.844,-0.294
9,19,36,2.1746e+05,0.129,-0.023
9,19,36,2.175e+05,-0.331,-0.122
9,19,36,2.1754e+05,-0.492,0.278
9,19,36,2.1758e+05,0.132,0.185
9,19,36,2.1762e+05,0.671,-0.159
9,19,36,2.1766e+05,0.573,-0.112
9,19,36,2.177e+05,0.163,-0.454
9,19,36,2.1773e+05,-0.561,-0.208
9,19,36,2.1777e+05,-0.23,-0.633
9,19,36,2.1781e+05,-0.879,1.077
9,19,36,2.1785e+05,0.656,-0.389
9,19,36,2.1789e+05,0.497,-0.701
9,19,36,2.1793e+05,-0.014,1.152
9,19,36,2.1797e+05,0.919,-1.747
9,19,36,2.1801e+05,-1.201,1.255
9,19,36,2.1805e+05,0.407,-1.246
9,19,36,2.1808e+05,-1.148,1.687
9,19,36,2.1812e+05,0.452,-0.126
9,19,36,2.1816e+05,0.393,-0.112
9,19,36,2.182e+05,0.569,-0.388
9,19,36,2.1824e+05,0.726,-0.586
9,19,36,2.1828e+05,0.019,1.29
9,19,36,2.1832e+05,0.734,-0.702
9,19,36,2.1836e+05,-0.074,0.857
9,19,36,2.184e+05,0.255,-0.398
9,19,36,2.1844e+05,-0.346,1.057
9,19,36,2.1848e+05,0.19,-0.311
9,19,36,2.1852e+05,0.172,-0.452
9,19,36,2.1855e+05,0.766,-0.961
9,19,36,2.1859e+05,0.934,-0.773
9,19,36,2.1863e+05,-0.499,0.461
9,19,36,2.1867e+05,-1.327,0.932
9,19,36,2.1871e+05,-1.225,0.277
9,19,36,2.1875e+05,-0.864,0.379
9,19,36,2.1879e+05,0.949,-0.763
9,19,36,2.1883e+05,0.206,0.959
9,19,36,2.1887e+05,0.911,-0.785
9,19,36,2.1891e+05,-1.028,0.29
9,19,36,2.1894e+05,-0.972,0.311
9,19,36,2.1898e+05,-0.431,-0.042
9,19,36,2.1902e+05,0.562,0.341
9,19,36,2.1906e+05,1.279,-0.893
9,19,36,2.191e+05,0.235,0.645
9,19,36,2.1914e+05,0.103,-0.901
9,19,36,2.1918e+05,-0.937,1.359
9,19,36,2.1922e+05,0.374,-0.754
9,19,36,2.1926e+05,0.021,0.653
9,19,36,2.193e+05,1.047,-0.929
9,19,36,2.1934e+05,0.081,0.089
9,19,36,2.1937e+05,-0.8,0.957
9,19,36,2.1941e+05,-0.769,-0.444
9,19,36,2.1945e+05,-0.592,0.724
9,19,36,2.1949e+05,0.285,-0.681
9,19,36,2.1953e+05,0.129,-0.01
9,19,36,2.1957e+05,-0.415,0.381
9,19,36,2.1961e+05,-0.7,-0.245
9,19,36,2.1965e+05,-0.767,-0.131
9,19,36,2.1969e+05,-0.561,0.829
9,19,36,2.1973e+05,0.019,0.27
9,19,36,2.1976e+05,0.114,0.436
9,19,36,2.198e+05,0.1,-0.717
9,19,36,2.1984e+05,-0.928,0.237
9,19,36,2.1988e+05,-0.113,-0.01
9,19,36,2.1992e+05,-0.348,0.51
9,19,36,2.1996e+05,0.466,-0.373
9,19,36,2.2e+05,0.11,-0.166
9,19,36,2.2004e+05,-0.27,0.826
9,19,36,2.2008e+05,0.574,-0.483
9,19,36,2.2012e+05,-0.057,1.077
9,19,36,2.2016e+05,0.762,-1.382
9,19,36,2.202e+05,-0.453,0.861
9,19,36,2.2023e+05,0.01,-0.094
9,19,36,2.2027e+05,-0.488,0.409
9,19,36,2.2031e+05,0.135,-0.053
9,19,36,2.2035e+05,0.289,-0.872
9,19,36,2.2039e+05,-0.548,1.175
9,19,36,2.2043e+05,-0.411,-0.261
9,19,36,2.2047e+05,-0.726,0.566
9,19,36,2.2051e+05,-0.272,-0.289
9,19,36,2.2055e+05,-0.221,-0.216
9,19,36,2.2058e+05,-0.623,0.876
9,19,36,2.2062e+05,-0.145,-0.224
9,19,36,2.2066e+05,-0.241,0.177
9,19,36,2.207e+05,0.443,-0.072
9,19,36,2.2074e+05,0.732,0.285
9,19,36,2.2078e+05,0.448,0.631
9,19,36,2.2082e+05,0.054,0.006
9,19,36,2.2086e+05,-0.318,0.102
9,19,36,2.209e+05,-0.241,0.209
9,19,36,2.2094e+05,0.319,-0.35
9,19,36,2.2098e+05,0.547,-0.107
9,19,36,2.2102e+05,0.527,-0.203
9,19,36,2.2105e+05,0.159,-0.194
9,19,36,2.2109e+05,-0.232,0.484
9,19,36,2.2113e+05,-0.484,0.251
9,19,36,2.2117e+05,-0.367,0.521
9,19,36,2.2121e+05,0.031,-0.51
9,19,36,2.2125e+05,0.041,0.221
9,19,36,2.2129e+05,-0.122,-0.197
9,19,36,2.2133e+05,-0.457,0.168
9,19,36,2.2137e+05,-0.669,-0.161
9,19,36,2.2141e+05,-0.733,0.507
9,19,36,2.2144e+05,0.012,0.301
9,19,36,2.2148e+05,0.303,0.569
9,19,36,2.2152e+05,0.745,-0.719
9,19,36,2.2156e+05,0.056,-0.157
9,19,36,2.216e+05,-0.386,0.076
9,19,36,2.2164e+05,-0.622,-0.126
9,19,36,2.2168e+05,-0.569,0.414
9,19,36,2.2172e+05,0.359,-0.511
9,19,36,2.2176e+05,0.167,0.722
9,19,36,2.218e+05,0.486,0.516
9,19,36,2.2184e+05,-0.02,-0.232
9,19,36,2.2187e+05,-0.461,-0.209
9,19,36,2.2191e+05,-0.608,0.063
9,19,36,2.2195e+05,0.086,0.146
9,19,36,2.2199e+05,0.819,-0.29
9,19,36,2.2203e+05,0.867,-0.382
9,19,36,2.2207e+05,0.357,-0.268
9,19,36,2.2211e+05,-0.603,0.926
9,19,36,2.2215e+05,-0.355,-0.051
9,19,36,2.2219e+05,-0.537,0.548
9,19,36,2.2223e+05,0.885,-0.77
9,19,36,2.2226e+05,0.168,0.48
9,19,36,2.223e+05,0.268,-0.316
9,19,36,2.2234e+05,-0.871,0.042
9,19,36,2.2238e+05,-0.402,0.232
9,19,36,2.2242e+05,0.2,-0.241
9,19,36,2.2246e+05,0.436,0.028
9,19,36,2.225e+05,0.577,-0.682
9,19,36,2.2254e+05,-0.838,1.301
9,19,36,2.2258e+05,0.361,-0.619
9,19,36,2.2262e+05,-0.601,0.997
9,19,36,2.2266e+05,0.775,-0.641
9,19,36,2.227e+05,-0.123,0.298
9,19,36,2.2273e+05,-0.416,0.473
9,19,36,2.2277e+05,-0.747,-0.078
9,19,36,2.2281e+05,-0.743,0.741
9,19,36,2.2285e+05,0.244,-0.508
9,19,36,2.2289e+05,0.422,0.364
9,19,36,2.2293e+05,0.791,-0.58
9,19,36,2.2297e+05,0.409,-0.082
9,19,36,2.2301e+05,-0.383,-0.098
9,19,36,2.2305e+05,-0.033,-0.397
9,19,36,2.2308e+05,-0.949,0.715
9,19,36,2.2312e+05,0.239,-0.864
9,19,36,2.2316e+05,-0.032,0.652
9,19,36,2.232e+05,0.919,-0.664
9,19,36,2.2324e+05,0.084,0.434
9,19,36,2.2328e+05,-0.046,-0.057
9,19,36,2.2332e+05,-0.572,0.251
9,19,36,2.2336e+05,-0.089,0.22
9,19,36,2.234e+05,0.136,-0.317
9,19,36,2.2344e+05,0.692,0.127
9,19,36,2.2348e+05,0.505,-0.535
9,19,36,2.2352e+05,-0.017,0.22
9,19,36,2.2355e+05,-0.089,0.039
9,19,36,2.2359e+05,0.13,0.39
9,19,36,2.2363e+05,0.75,-0.431
9,19,36,2.2367e+05,0.611,-0.107
9,19,36,2.2371e+05,0.868,-0.812
9,19,36,2.2375e+05,-0.383,0.336
9,19,36,2.2379e+05,-0.216,-0.009
9,19,36,2.2383e+05,-0.998,0.36
9,19,36,2.2387e+05,0.246,-0.105
9,19,36,2.2391e+05,0.751,-0.415
9,19,36,2.2394e+05,0.442,0.214
9,19,36,2.2398e+05,0.559,-0.718
9,19,36,2.2402e+05,-0.957,0.74
9,19,36,2.2406e+05,-0.185,-0.56
9,19,36,2.241e+05,0.035,0.315
9,19,36,2.2414e+05,0.253,0.224
9,19,36,2.2418e+05,1.083,-0.425
9,19,36,2.2422e+05,-0.819,1.713
9,19,36,2.2426e+05,0.865,-2.04
9,19,36,2.243e+05,-1.412,1.753
9,19,36,2.2434e+05,1.085,-1.701
9,19,36,2.2437e+05,0.384,-0.098
9,19,36,2.2441e+05,0.727,0.456
9,19,36,2.2445e+05,0.924,-1.461
9,19,36,2.2449e+05,-0.557,2.124
9,19,36,2.2453e+05,0.667,-1.869
9,19,36,2.2457e+05,-1.3,2.185
9,19,36,2.2461e+05,1.113,-2.013
9,19,36,2.2465e+05,-0.264,1.102
9,19,36,2.2469e+05,0.974,-0.655
9,19,36,2.2473e+05,-0.143,0.04
9,19,36,2.2476e+05,-0.509,0.42
9,19,36,2.248e+05,0.038,-0.847
9,19,36,2.2484e+05,-0.608,1.148
9,19,36,2.2488e+05,0.398,-1.098
9,19,36,2.2492e+05,-0.676,0.791
9,19,36,2.2496e+05,0.135,-0.215
9,19,36,2.25e+05,0.004,-0.109
9,19,36,2.2504e+05,-0.118,0.37
9,19,36,2.2508e+05,0.109,-0.972
9,19,36,2.2512e+05,0.115,0.694
9,19,36,2.2516e+05,0.596,0.012
9,19,36,2.252e+05,0.51,0.544
9,19,36,2.2523e+05,0.663,-0.601
9,19,36,2.2527e+05,0.127,-0.377
9,19,36,2.2531e+05,-0.385,0.539
9,19,36,2.2535e+05,-0.032,-0.81
9,19,36,2.2539e+05,0.046,0.183
9,19,36,2.2543e+05,0.756,-0.527
9,19,36,2.2547e+05,0.328,-0.13
9,19,36,2.2551e+05,-0.137,0.505
9,19,36,2.2555e+05,-0.138,-0.414
9,19,36,2.2558e+05,-0.467,0.601
9,19,36,2.2562e+05,0.424,-0.263
9,19,36,2.2566e+05,0.048,0.366
9,19,36,2.257e+05,0.504,-0.311
9,19,36,2.2574e+05,-0.4,0.378
9,19,36,2.2578e+05,-0.251,0.371
9,19,36,2.2582e+05,0.232,-0.235
9,19,36,2.2586e+05,-0.32,0.675
9,19,36,2.259e+05,0.606,-1.088
9,19,36,2.2594e+05,-0.721,1.16
9,19,36,2.2598e+05,0.628,-1.072
9,19,36,2.2602e+05,-0.691,0.606
9,19,36,2.2605e+05,0.62,-0.141
9,19,36,2.2609e+05,0.096,-0.089
9,19,36,2.2613e+05,0.586,-0.143
9,19,36,2.2617e+05,-0.295,0.106
9,19,36,2.2621e+05,-0.272,0.52
9,19,36,2.2625e+05,-0.416,-0.032
9,19,36,2.2629e+05,-0.245,0.819
9,19,36,2.2633e+05,0.463,-0.759
9,19,36,2.2637e+05,0.242,0.489
9,19,36,2.2641e+05,-0.637,-0.424
9,19,36,2.2644e+05,-1.298,0.544
9,19,36,2.2648e+05,-1.023,-0.113
9,19,36,2.2652e+05,-0.75,0.58
9,19,36,2.2656e+05,0.076,-0.465
9,19,36,2.266e+05,0.08,0.276
9,19,36,2.2664e+05,0.934,-0.679
9,19,36,2.2668e+05,-0.044,0.659
9,19,36,2.2672e+05,0.367,-1.163
9,19,36,2.2676e+05,-1.098,1.023
9,19,36,2.268e+05,0.322,-0.277
9,19,36,2.2684e+05,-0.05,0.71
9,19,36,2.2687e+05,0.937,0.464
9,19,36,2.2691e+05,0.308,-0.075
9,19,36,2.2695e+05,-0.24,0.468
9,19,36,2.2699e+05,-0.195,-0.79
9,19,36,2.2703e+05,-0.54,0.777
9,19,36,2.2707e+05,0.503,-0.311
9,19,36,2.2711e+05,0.725,0.032
9,19,36,2.2715e+05,0.244,-0.438
9,19,36,2.2719e+05,-0.251,-0.293
9,19,36,2.2723e+05,-0.98,0.878
9,19,36,2.2726e+05,-0.29,-0.097
9,19,36,2.273e+05,-0.375,0.006
9,19,36,2.2734e+05,0.501,-0.063
9,19,36,2.2738e+05,0.213,0.109
9,19,36,2.2742e+05,0.264,0.276
9,19,36,2.2746e+05,-0.368,0.134
9,19,36,2.275e+05,-0.469,0.662
9,19,36,2.2754e+05,-0.388,-0.329
9,19,36,2.2758e+05,0.19,0.435
9,19,36,2.2762e+05,0.683,-0.425
9,19,36,2.2766e+05,0.637,-0.649
9,19,36,2.277e+05,-0.452,0.299
9,19,36,2.2773e+05,-0.434,-0.168
9,19,36,2.2777e+05,-0.751,0.722
9,19,36,2.2781e+05,0.897,-0.296
9,19,36,2.2785e+05,1.03,0.519
9,19,36,2.2789e+05,1.196,-0.424
9,19,36,2.2793e+05,-0.521,-0.01
9,19,36,2.2797e+05,-0.871,0.39
9,19,36,2.2801e+05,-0.531,0.007
9,19,36,2.2805e+05,1.003,-0.483
9,19,36,2.2808e+05,1.276,-0.421
9,19,36,2.2812e+05,0.562,0.247
9,19,36,2.2816e+05,-0.377,-0.354
9,19,36,2.282e+05,-2.063,1.358
9,19,36,2.2824e+05,-0.392,-0.428
9,19,36,2.2828e+05,0.179,1.282
9,19,36,2.2832e+05,2.177,-0.409
9,19,36,2.2836e+05,0.904,-0.452
9,19,36,2.284e+05,-0.022,-0.535
9,19,36,2.2844e+05,-1.595,0.462
9,19,36,2.2848e+05,-1.472,0.441
9,19,36,2.2852e+05,0.423,-0.66
9,19,36,2.2855e+05,0.914,0.315
9,19,36,2.2859e+05,1.84,-1.34
9,19,36,2.2863e+05,0.113,0.725
9,19,36,2.2867e+05,-1.539,-0.045
9,19,36,2.2871e+05,-1.243,0.431
9,19,36,2.2875e+05,-0.194,0.421
9,19,36,2.2879e+05,1.731,-0.472
9,19,36,2.2883e+05,2.134,-0.2
9,19,36,2.2887e+05,-0.13,0.295
9,19,36,2.2891e+05,-1.495,-0.433
9,19,36,2.2894e+05,-2.43,1.406
9,19,36,2.2898e+05,0.017,-0.639
9,19,36,2.2902e+05,1.865,-0.142
9,19,36,2.2906e+05,1.595,-0.02
9,19,36,2.291e+05,0.861,-0.833
9,19,36,2.2914e+05,-2.033,1.459
9,19,36,2.2918e+05,-0.843,-1.388
9,19,36,2.2922e+05,-1.28,1.458
9,19,36,2.2926e+05,1.133,-0.82
9,19,36,2.293e+05,1.301,-0.714
9,19,36,2.2934e+05,-0.299,0.7
9,19,36,2.2937e+05,-0.215,-0.86
9,19,36,2.2941e+05,-1.295,1.877
9,19,36,2.2945e+05,0.263,-1.131
9,19,36,2.2949e+05,0.331,0.561
9,19,36,2.2953e+05,0.955,-0.01
9,19,36,2.2957e+05,0.538,0.125
9,19,36,2.2961e+05,0.293,-0.03
9,19,36,2.2965e+05,-0.246,-0.216
9,19,36,2.2969e+05,-0.527,-0.134
9,19,36,2.2973e+05,0.058,0.231
9,19,36,2.2976e+05,0.25,-0.152
9,19,36,2.298e+05,0.246,-0.5
9,19,36,2.2984e+05,1.079,-1.153
9,19,36,2.2988e+05,-0.283,0.222
9,19,36,2.2992e+05,0.327,-1.167
9,19,36,2.2996e+05,-1.26,1.351
9,19,36,2.3e+05,-0.868,-0.151
9,19,36,2.3004e+05,-0.073,0.256
9,19,36,2.3008e+05,0.401,0.789
9,19,36,2.3012e+05,0.995,-0.669
9,19,36,2.3016e+05,-0.215,0.453
9,19,36,2.302e+05,-0.208,-0.943
9,19,36,2.3023e+05,-0.949,0.972
9,19,36,2.3027e+05,0.04,-0.353
9,19,36,2.3031e+05,0.515,-0.743
9,19,36,2.3035e+05,0.312,0.144
9,19,36,2.3039e+05,0.699,-0.617
9,19,36,2.3043e+05,-1.044,1.313
9,19,36,2.3047e+05,-0.083,-1.401
9,19,36,2.3051e+05,-1.226,0.89
9,19,36,2.3055e+05,0.626,-0.993
9,19,36,2.3058e+05,-0.336,1.694
9,19,36,2.3062e+05,0.269,-0.773
9,19,36,2.3066e+05,-0.507,-0.553
9,19,36,2.307e+05,-1.097,1.093
9,19,36,2.3074e+05,0.509,-1.818
9,19,36,2.3078e+05,-0.069,1.377
9,19,36,2.3082e+05,0.841,-1.158
9,19,36,2.3086e+05,-0.318,0.719
9,19,36,2.309e+05,-0.26,-0.003
9,19,36,2.3094e+05,-0.995,-0.037
9,19,36,2.3098e+05,-0.498,0.261
9,19,36,2.3102e+05,0.437,0.187
9,19,36,2.3105e+05,0.602,-0.521
9,19,36,2.3109e+05,0.369,-0.121
9,19,36,2.3113e+05,-0.102,0.102
9,19,36,2.3117e+05,0.307,-0.429
9,19,36,2.3121e+05,0.055,0.124
9,19,36,2.3125e+05,-0.252,0.472
9,19,36,2.3129e+05,0.589,-0.231
9,19,36,2.3133e+05,-0.109,1.089
9,19,36,2.3137e+05,0.694,-1.119
9,19,36,2.3141e+05,0.574,0.017
9,19,36,2.3144e+05,-0.88,0.222
9,19,36,2.3148e+05,-0.354,-0.812
9,19,36,2.3152e+05,-1.304,1.565
9,19,36,2.3156e+05,1.344,-1.482
9,19,36,2.316e+05,0.563,0.812
9,19,36,2.3164e+05,0.543,-0.238
9,19,36,2.3168e+05,-0.213,-0.66
9,19,36,2.3172e+05,-1.685,1.192
9,19,36,2.3176e+05,-0.493,-0.325
9,19,36,2.318e+05,0.553,0.301
9,19,36,2.3184e+05,0.538,0.279
9,19,36,2.3187e+05,0.601,-0.15
9,19,36,2.3191e+05,-0.962,0.651
9,19,36,2.3195e+05,-0.885,-0.494
9,19,36,2.3199e+05,-0.987,0.423
9,19,36,2.3203e+05,0.945,-0.537
9,19,36,2.3207e+05,1.076,-0.383
9,19,36,2.3211e+05,1.145,-0.297
9,19,36,2.3215e+05,-0.325,-0.446
9,19,36,2.3219e+05,-1.259,0.848
9,19,36,2.3223e+05,-1.137,-0.135
9,19,36,2.3226e+05,-0.649,0.578
9,19,36,2.323e+05,0.738,-0.449
9,19,36,2.3234e+05,0.795,0.061
9,19,36,2.3238e+05,0.137,-0.192
9,19,36,2.3242e+05,-0.846,0.062
9,19,36,2.3246e+05,-1.261,-0.039
9,19,36,2.325e+05,-0.815,0.889
9,19,36,2.3254e+05,0.25,-0.151
9,19,36,2.3258e+05,0.501,0.204
9,19,36,2.3262e+05,0.386,-0.706
9,19,36,2.3266e+05,-1.368,1.164
9,19,36,2.327e+05,-0.917,-0.607
9,19,36,2.3273e+05,-1.573,1.345
9,19,36,2.3277e+05,0.38,-0.733
9,19,36,2.3281e+05,0.331,0.428
9,19,36,2.3285e+05,0.745,-0.002
9,19,36,2.3289e+05,-0.497,-0.66
9,19,36,2.3293e+05,-1.533,0.829
9,19,36,2.3297e+05,-0.801,-0.74
9,19,36,2.3301e+05,-0.38,0.377
9,19,36,2.3305e+05,0.828,-0.099
9,19,36,2.3308e+05,1.187,-0.553
9,19,36,2.3312e+05,-0.01,0.544
9,19,36,2.3316e+05,-0.152,-0.821
9,19,36,2.332e+05,-1.64,0.997
9,19,36,2.3324e+05,-0.485,-0.203
9,19,36,2.3328e+05,0.099,0.511
9,19,36,2.3332e+05,1.043,0.117
9,19,36,2.3336e+05,0.588,-0.222
9,19,36,2.334e+05,-0.834,1.184
9,19,36,2.3344e+05,-1.237,-0.574
9,19,36,2.3348e+05,-1.441,0.565
9,19,36,2.3352e+05,0.345,-1.252
9,19,36,2.3355e+05,-0.137,0.561
9,19,36,2.3359e+05,1.2,-0.764
9,19,36,2.3363e+05,-0.292,0.089
9,19,36,2.3367e+05,-0.764,-0.409
9,19,36,2.3371e+05,-0.753,0.461
9,19,36,2.3375e+05,0.008,0.72
9,19,36,2.3379e+05,1.314,-0.312
9,19,36,2.3383e+05,0.68,0.961
9,19,36,2.3387e+05,0.446,-1.071
9,19,36,2.3391e+05,-1.017,0.851
9,19,36,2.3394e+05,-0.475,-0.519
9,19,36,2.3398e+05,-0.787,1.35
9,19,36,2.3402e+05,1.23,-1.068
9,19,36,2.3406e+05,0.402,0.126
9,19,36,2.341e+05,0.905,-0.905
9,19,36,2.3414e+05,-0.942,1.156
9,19,36,2.3418e+05,-1.09,0.318
9,19,36,2.3422e+05,-0.617,-0.443
9,19,36,2.3426e+05,-0.192,0.926
9,19,36,2.343e+05,1.445,-1.035
9,19,36,2.3434e+05,0.246,1.283
9,19,36,2.3437e+05,0.33,-2.032
9,19,36,2.3441e+05,-1.371,0.639
9,19,36,2.3445e+05,-1.028,-0.03
9,19,36,2.3449e+05,-0.302,0.802
9,19,36,2.3453e+05,1.379,-0.427
9,19,36,2.3457e+05,1.112,-0.735
9,19,36,2.3461e+05,0.924,0.106
9,19,36,2.3465e+05,-0.797,0.086
9,19,36,2.3469e+05,-1.563,0.296
9,19,36,2.3473e+05,-0.168,-0.03
9,19,36,2.3476e+05,0.034,0.801
9,19,36,2.348e+05,1.61,-0.372
9,19,36,2.3484e+05,0.126,0.362
9,19,36,2.3488e+05,-0.358,-1.285
9,19,36,2.3492e+05,-0.892,0.678
9,19,36,2.3496e+05,-0.156,0.083
9,19,36,2.35e+05,0.483,-0.178
9,19,36,2.3504e+05,0.49,0.304
9,19,36,2.3508e+05,0.067,-0.72
9,19,36,2.3512e+05,-0.376,0.292
9,19,36,2.3516e+05,-0.66,0.027
9,19,36,2.352e+05,-0.086,0.416
9,19,36,2.3523e+05,0.628,0.242
9,19,36,2.3527e+05,0.772,-0.509
9,19,36,2.3531e+05,0.514,-0.699
9,19,36,2.3535e+05,-0.827,0.804
9,19,36,2.3539e+05,-0.603,-0.301
9,19,36,2.3543e+05,-0.663,0.696
9,19,36,2.3547e+05,0.861,-0.184
9,19,36,2.3551e+05,0.912,0.178
9,19,36,2.3555e+05,0.861,-1.028
9,19,36,2.3558e+05,-0.225,-0.107
9,19,36,2.3562e+05,-0.797,0.48
9,19,36,2.3566e+05,-0.711,-0.03
9,19,36,2.357e+05,0.055,0.3
9,19,36,2.3574e+05,1.056,-0.086
9,19,36,2.3578e+05,1.026,-0.411
9,19,36,2.3582e+05,0.141,-0.025
9,19,36,2.3586e+05,-1.141,-0.219
9,19,36,2.359e+05,-1.131,0.181
9,19,36,2.3594e+05,-0.43,0.783
9,19,36,2.3598e+05,0.72,-0.245
9,19,36,2.3602e+05,1.314,-1.187
9,19,36,2.3605e+05,-0.037,0.135
9,19,36,2.3609e+05,-0.763,-0.182
9,19,36,2.3613e+05,-1.221,0.479
9,19,36,2.3617e+05,-0.496,0.133
9,19,36,2.3621e+05,0.8,0.26
9,19,36,2.3625e+05,1.208,-0.15
9,19,36,2.3629e+05,0.495,-0.067
9,19,36,2.3633e+05,-0.25,-0.513
9,19,36,2.3637e+05,-0.871,0.409
9,19,36,2.3641e+05,0.067,-0.355
9,19,36,2.3644e+05,0.614,0.148
9,19,36,2.3648e+05,1.099,-0.248
9,19,36,2.3652e+05,0.797,-0.633
9,19,36,2.3656e+05,-0.194,0.627
9,19,36,2.366e+05,-0.717,-0.604
9,19,36,2.3664e+05,-0.754,0.228
9,19,36,2.3668e+05,0.769,-0.839
9,19,36,2.3672e+05,0.709,0.892
9,19,36,2.3676e+05,0.855,-0.613
9,19,36,2.368e+05,-0.624,-0.156
9,19,36,2.3684e+05,-0.949,0.249
9,19,36,2.3687e+05,-0.349,0.247
9,19,36,2.3691e+05,0.331,-0.013
9,19,36,2.3695e+05,0.555,0.096
9,19,36,2.3699e+05,0.525,-0.462
9,19,36,2.3703e+05,-0.566,0.079
9,19,36,2.3707e+05,-0.555,0.627
9,19,36,2.3711e+05,0.23,-1.514
9,19,36,2.3715e+05,0.082,0.642
9,19,36,2.3719e+05,0.897,-0.829
9,19,36,2.3723e+05,0.148,0.43
9,19,36,2.3726e+05,-0.162,0.337
9,19,36,2.373e+05,-0.459,0.491
9,19,36,2.3734e+05,0.066,-0.545
9,19,36,2.3738e+05,0.423,0.373
9,19,36,2.3742e+05,0.843,-0.594
9,19,36,2.3746e+05,0.215,-0.615
9,19,36,2.375e+05,-0.504,0.197
9,19,36,2.3754e+05,-0.697,-0.219
9,19,36,2.3758e+05,-0.074,1.015
9,19,36,2.3762e+05,0.7,-0.825
9,19,36,2.3766e+05,0.632,0.346
9,19,36,2.377e+05,0.443,0.041
9,19,36,2.3773e+05,-0.519,0.177
9,19,36,2.3777e+05,-0.611,0.434
9,19,36,2.3781e+05,-0.39,0.164
9,19,36,2.3785e+05,0.417,-0.443
9,19,36,2.3789e+05,0.682,0.229
9,19,36,2.3793e+05,0.419,-0.043
9,19,36,2.3797e+05,0.411,-0.612
9,19,36,2.3801e+05,-0.262,0.351
9,19,36,2.3805e+05,0.062,-0.296
9,19,36,2.3808e+05,0.298,-0.117
9,19,36,2.3812e+05,0.335,0.371
9,19,36,2.3816e+05,0.215,0.179
9,19,36,2.382e+05,-0.123,0.26
9,19,36,2.3824e+05,-0.248,0.025
9,19,36,2.3828e+05,-0.133,-0.447
9,19,36,2.3832e+05,0.14,0.198
9,19,36,2.3836e+05,0.195,-0.141
9,19,36,2.384e+05,0.409,-0.135
9,19,36,2.3844e+05,0.064,-0.014
9,19,36,2.3848e+05,-0.397,-0.082
9,19,36,2.3852e+05,-0.258,0.232
9,19,36,2.3855e+05,-0.254,0.362
9,19,36,2.3859e+05,0.083,-0.379
9,19,36,2.3863e+05,0.563,-0.011
9,19,36,2.3867e+05,0.597,-0.345
9,19,36,2.3871e+05,-0.061,0.645
9,19,36,2.3875e+05,-0.301,0.557
9,19,36,2.3879e+05,-0.669,0.208
9,19,36,2.3883e+05,0.095,0.123
9,19,36,2.3887e+05,0.579,-0.152
9,19,36,2.3891e+05,0.587,-0.39
9,19,36,2.3894e+05,0.277,-0.453
9,19,36,2.3898e+05,-0.349,-0.399
9,19,36,2.3902e+05,-0.764,0.1
9,19,36,2.3906e+05,-0.48,0.376
9,19,36,2.391e+05,0.263,-0.039
9,19,36,2.3914e+05,0.27,0.372
9,19,36,2.3918e+05,-0.236,0.701
9,19,36,2.3922e+05,-0.392,0.126
9,19,36,2.3926e+05,-0.892,0.402
9,19,36,2.393e+05,-0.105,-0.042
9,19,36,2.3934e+05,0.082,-0.137
9,19,36,2.3937e+05,0.077,0.155
9,19,36,2.3941e+05,0.265,-0.14
9,19,36,2.3945e+05,-0.172,0.118
9,19,36,2.3949e+05,-0.25,-0.593
9,19,36,2.3953e+05,-0.324,0.194
9,19,36,2.3957e+05,-0.095,0.213
9,19,36,2.3961e+05,0.483,-0.414
9,19,36,2.3965e+05,0.598,-0.164
9,19,36,2.3969e+05,0.283,0.28
9,19,36,2.3973e+05,0.28,-0.261
9,19,36,2.3976e+05,-0.946,0.723
9,19,36,2.398e+05,-0.44,0.375
9,19,36,2.3984e+05,-0.137,0.331
9,19,36,2.3988e+05,0.582,0.088
9,19,36,2.3992e+05,0.934,-0.46
9,19,36,2.3996e+05,0.025,-0.004
9,19,36,2.4e+05,-0.385,-0.614
9,19,36,2.4004e+05,-0.845,0.384
9,19,36,2.4008e+05,0.013,-0.003
9,19,36,2.4012e+05,0.408,0.454
9,19,36,2.4016e+05,0.573,-0.022
9,19,36,2.402e+05,0.067,0.33
9,19,36,2.4023e+05,-0.438,0.361
9,19,36,2.4027e+05,-0.658,0.43
9,19,36,2.4031e+05,-0.28,-0.268
9,19,36,2.4035e+05,-0.288,-0.061
9,19,36,2.4039e+05,0.492,-0.729
9,19,36,2.4043e+05,0.809,-0.126
9,19,36,2.4047e+05,0.633,0.121
9,19,36,2.4051e+05,0.462,-0.347
9,19,36,2.4055e+05,-0.23,0.603
9,19,36,2.4058e+05,0.21,-0.445
9,19,36,2.4062e+05,0.117,0.771
9,19,36,2.4066e+05,0.803,-0.265
9,19,36,2.407e+05,0.493,-0.116
9,19,36,2.4074e+05,-0.174,0.341
9,19,36,2.4078e+05,-0.69,0.171
9,19,36,2.4082e+05,-0.672,0.051
9,19,36,2.4086e+05,-0.387,0.171
9,19,36,2.409e+05,0.453,-0.129
9,19,36,2.4094e+05,0.513,0.145
9,19,36,2.4098e+05,0.199,-0.333
9,19,36,2.4102e+05,-0.336,-0.44
9,19,36,2.4105e+05,-0.665,0.185
9,19,36,2.4109e+05,-0.412,0.123
9,19,36,2.4113e+05,-0.47,0.743
9,19,36,2.4117e+05,0.429,-0.418
9,19,36,2.4121e+05,0.2,0.021
9,19,36,2.4125e+05,0.065,0.077
9,19,36,2.4129e+05,-0.559,0.038
9,19,36,2.4133e+05,-0.279,-0.004
9,19,36,2.4137e+05,0.143,0.175
9,19,36,2.4141e+05,0.81,-0.293
9,19,36,2.4144e+05,0.513,-0.182
9,19,36,2.4148e+05,-0.166,0.587
9,19,36,2.4152e+05,-0.289,-0.291
9,19,36,2.4156e+05,-0.444,0.578
9,19,36,2.416e+05,0.535,-0.506
9,19,36,2.4164e+05,0.436,0.267
9,19,36,2.4168e+05,0.422,-0.201
9,19,36,2.4172e+05,-0.126,-0.667
9,19,36,2.4176e+05,-0.406,0.726
9,19,36,2.418e+05,-0.158,-0.085
9,19,36,2.4184e+05,-0.091,0.584
9,19,36,2.4187e+05,0.868,-0.29
9,19,36,2.4191e+05,0.84,-0.402
9,19,36,2.4195e+05,0.691,-0.054
9,19,36,2.4199e+05,0.153,-0.01
9,19,36,2.4203e+05,-0.121,0.245
9,19,36,2.4207e+05,0.563,-0.565
9,19,36,2.4211e+05,0.343,0.622
9,19,36,2.4215e+05,0.528,-0.118
9,19,36,2.4219e+05,0.27,-0.333
9,19,36,2.4223e+05,-0.133,0.128
9,19,36,2.4226e+05,0.042,-0.1
9,19,36,2.423e+05,0.355,-0.053
9,19,36,2.4234e+05,0.354,-0.425
9,19,36,2.4238e+05,0.225,0.043
9,19,36,2.4242e+05,0.027,0.108
9,19,36,2.4246e+05,-0.066,-0.109
9,19,36,2.425e+05,-0.116,0.28
9,19,36,2.4254e+05,0.113,-0.202
9,19,36,2.4258e+05,0.101,-0.347
9,19,36,2.4262e+05,0.329,-0.081
9,19,36,2.4266e+05,0.522,0.023
9,19,36,2.427e+05,0.35,0.023
9,19,36,2.4273e+05,0.081,-0.378
9,19,36,2.4277e+05,-0.475,-0.171
9,19,36,2.4281e+05,-0.481,0.159
9,19,36,2.4285e+05,0.046,0.104
9,19,36,2.4289e+05,0.683,-0.138
9,19,36,2.4293e+05,0.878,-0.806
9,19,36,2.4297e+05,0.058,0.256
9,19,36,2.4301e+05,-0.313,0.191
9,19,36,2.4305e+05,-0.895,0.417
9,19,36,2.4308e+05,-0.195,-0.195
9,19,36,2.4312e+05,0.295,-0.05
9,19,36,2.4316e+05,0.757,-0.367
9,19,36,2.432e+05,-0.01,-0.641
9,19,36,2.4324e+05,-0.734,0.39
9,19,36,2.4328e+05,-0.722,0.259
9,19,36,2.4332e+05,0.283,0.282
9,19,36,2.4336e+05,1.2,-0.864
9,19,36,2.434e+05,0.93,-0.357
9,19,36,2.4344e+05,-0.069,0.53
9,19,36,2.4348e+05,-1.019,0.685
9,19,36,2.4352e+05,-0.744,-0.389
9,19,36,2.4355e+05,-0.02,0.721
9,19,36,2.4359e+05,1.337,-1.064
9,19,36,2.4363e+05,0.815,0.081
9,19,36,2.4367e+05,0.202,-0.964
9,19,36,2.4371e+05,-1.38,0.361
9,19,36,2.4375e+05,-0.457,0.255
9,19,36,2.4379e+05,-0.462,0.353
9,19,36,2.4383e+05,0.386,0.151
9,19,36,2.4387e+05,0.573,-0.741
9,19,36,2.4391e+05,-0.374,0.938
9,19,36,2.4394e+05,0.318,-0.862
9,19,36,2.4398e+05,-0.261,0.494
9,19,36,2.4402e+05,0.591,-0.833
9,19,36,2.4406e+05,-0.219,0.371
9,19,36,2.441e+05,0.063,0.233
9,19,36,2.4414e+05,-0.015,0.128
9,19,36,2.4418e+05,0.185,-0.054
9,19,36,2.4422e+05,0.804,-0.366
9,19,36,2.4426e+05,-0.131,1.142
9,19,36,2.443e+05,0.337,-1.006
9,19,36,2.4434e+05,-0.688,0.476
9,19,36,2.4437e+05,-0.005,-0.704
9,19,36,2.4441e+05,0.011,0.461
9,19,36,2.4445e+05,0.677,-0.099
9,19,36,2.4449e+05,-0.04,-0.223
9,19,36,2.4453e+05,-0.551,0.579
9,19,36,2.4457e+05,-0.036,-0.566
9,19,36,2.4461e+05,-0.125,0.93
9,19,36,2.4465e+05,0.596,-0.782
9,19,36,2.4469e+05,-0.132,0.123
9,19,36,2.4473e+05,-0.147,-0.222
9,19,36,2.4476e+05,-0.665,0.754
9,19,36,2.448e+05,0.007,-0.111
9,19,36,2.4484e+05,0.16,-0.444
9,19,36,2.4488e+05,0.214,-0.003
9,19,36,2.4492e+05,0.391,-0.492
9,19,36,2.4496e+05,-0.113,0.714
9,19,36,2.45e+05,0.522,-0.477
9,19,36,2.4504e+05,0.281,0.106
9,19,36,2.4508e+05,0.409,-0.12
9,19,36,2.4512e+05,-0.04,0.118
9,19,36,2.4516e+05,-0.337,0.44
9,19,36,2.452e+05,-0.098,-0.381
9,19,36,2.4523e+05,-0.445,0.194
9,19,36,2.4527e+05,-0.187,0.275
9,19,36,2.4531e+05,-0.052,0.058
9,19,36,2.4535e+05,-0.375,0.261
9,19,36,2.4539e+05,-0.189,-0.492
9,19,36,2.4543e+05,-0.929,0.507
9,19,36,2.4547e+05,-0.078,-0.055
9,19,36,2.4551e+05,-0.18,0.259
9,19,36,2.4555e+05,0.215,0.232
9,19,36,2.4558e+05,0.361,-0.684
9,19,36,2.4562e+05,-0.266,0.526
9,19,36,2.4566e+05,-0.017,-0.526
9,19,36,2.457e+05,-0.625,1.352
9,19,36,2.4574e+05,0.436,-0.54
9,19,36,2.4578e+05,-0.027,0.294
9,19,36,2.4582e+05,0.289,-0.17
9,19,36,2.4586e+05,-0.262,-0.179
9,19,36,2.459e+05,-0.601,0.133
9,19,36,2.4594e+05,-0.241,0.02
9,19,36,2.4598e+05,0.142,-0.13
9,19,36,2.4602e+05,0.007,0.321
9,19,36,2.4605e+05,-0.195,0.564
9,19,36,2.4609e+05,-0.078,-0.452
9,19,36,2.4613e+05,-0.712,0.605
9,19,36,2.4617e+05,0.026,0.114
9,19,36,2.4621e+05,-0.257,0.248
9,19,36,2.4625e+05,0.158,0.139
9,19,36,2.4629e+05,0.309,-0.269
9,19,36,2.4633e+05,0.142,-0.108
9,19,36,2.4637e+05,0.208,-0.445
9,19,36,2.4641e+05,-0.238,0.493
9,19,36,2.4644e+05,0.421,-0.267
9,19,36,2.4648e+05,-0.471,0.911
9,19,36,2.4652e+05,0.146,-0.109
9,19,36,2.4656e+05,0.035,0.423
9,19,36,2.466e+05,0.337,0.185
9,19,36,2.4664e+05,0.326,-0.067
9,19,36,2.4668e+05,-0.083,0.018
9,19,36,2.4672e+05,-0.102,-0.33
9,19,36,2.4676e+05,-0.169,0.249
9,19,36,2.468e+05,-0.256,-0.233
9,19,36,2.4684e+05,-0.165,0.203
9,19,36,2.4687e+05,-0.004,-0.039
9,19,36,2.4691e+05,0.069,0.525
9,19,36,2.4695e+05,0.457,-0.089
9,19,36,2.4699e+05,-0.236,0.216
9,19,36,2.4703e+05,-0.178,-0.121
9,19,36,2.4707e+05,-0.319,0.216
9,19,36,2.4711e+05,0.218,0.205
9,19,36,2.4715e+05,0.351,0.167
9,19,36,2.4719e+05,0.244,0.04
9,19,36,2.4723e+05,0.012,-0.192
9,19,36,2.4726e+05,-0.614,0.116
9,19,36,2.473e+05,-0.302,-0.181
9,19,36,2.4734e+05,0.115,-0.055
9,19,36,2.4738e+05,0.405,-0.05
9,19,36,2.4742e+05,0.649,-0.429
9,19,36,2.4746e+05,0.163,0.228
9,19,36,2.475e+05,-0.32,0.863
9,19,36,2.4754e+05,-0.004,0.391
9,19,36,2.4758e+05,0.129,0.191
9,19,36,2.4762e+05,0.577,-0.878
9,19,36,2.4766e+05,0.529,-0.224
9,19,36,2.477e+05,0.387,-0.66
9,19,36,2.4773e+05,-0.344,0.832
9,19,36,2.4777e+05,0.194,-0.334
9,19,36,2.4781e+05,-0.146,0.108
9,19,36,2.4785e+05,0.155,0.114
9,19,36,2.4789e+05,0.18,0.206
9,19,36,2.4793e+05,0.217,0.212
9,19,36,2.4797e+05,0.413,-0.762
9,19,36,2.4801e+05,-0.084,0.533
9,19,36,2.4805e+05,0.325,-0.495
9,19,36,2.4808e+05,-0.593,1.554
9,19,36,2.4812e+05,0.24,-0.376
9,19,36,2.4816e+05,-0.004,-0.541
9,19,36,2.482e+05,0.134,0.129
9,19,36,2.4824e+05,0.285,-0.067
9,19,36,2.4828e+05,-0.022,0.395
9,19,36,2.4832e+05,0.43,-0.915
9,19,36,2.4836e+05,-0.085,0.427
9,19,36,2.484e+05,0.535,-0.271
9,19,36,2.4844e+05,0.095,0.868
9,19,36,2.4848e+05,0.511,0.067
9,19,36,2.4852e+05,0.546,0.098
9,19,36,2.4855e+05,0.428,-0.079
9,19,36,2.4859e+05,0.228,-0.325
9,19,36,2.4863e+05,-0.117,0.4
9,19,36,2.4867e+05,-0.019,-0.461
9,19,36,2.4871e+05,-0.25,-0.206
9,19,36,2.4875e+05,-0.287,0.15
9,19,36,2.4879e+05,-0.06,0.11
9,19,36,2.4883e+05,0.076,0.057
9,19,36,2.4887e+05,0.219,-0.166
9,19,36,2.4891e+05,0.151,-0.159
9,19,36,2.4894e+05,-0.278,0.138
9,19,36,2.4898e+05,-0.505,0.359
9,19,36,2.4902e+05,-0.411,0.463
9,19,36,2.4906e+05,0.09,-0.314
9,19,36,2.491e+05,0.116,-0.523
9,19,36,2.4914e+05,0.191,0.281
9,19,36,2.4918e+05,-0.195,-0.082
9,19,36,2.4922e+05,-0.559,0.095
9,19,36,2.4926e+05,0.083,-0.338
9,19,36,2.493e+05,0.523,-0.253
9,19,36,2.4934e+05,0.954,-0.315
9,19,36,2.4937e+05,0.758,-0.22
9,19,36,2.4941e+05,0.276,-0.2
9,19,36,2.4945e+05,-0.253,0.221
9,19,36,2.4949e+05,-0.268,0.562
9,19,36,2.4953e+05,0.301,-0.266
9,19,36,2.4957e+05,0.54,0.151
9,19,36,2.4961e+05,0.664,0.049
9,19,36,2.4965e+05,0.402,-0.619
9,19,36,2.4969e+05,-0.495,0.082
9,19,36,2.4973e+05,-0.498,-0.777
9,19,36,2.4976e+05,-0.52,0.891
9,19,36,2.498e+05,1.123,-0.59
9,19,36,2.4984e+05,0.721,-0.232
9,19,36,2.4988e+05,-0.055,0.856
9,19,36,2.4992e+05,-0.377,0.218
9,19,36,2.4996e+05,-0.651,0.333
9,19,36,2.5e+05,-0.115,0.163
