10,36,5,8.8441e+05,0.116,-0.071
10,36,5,8.8445e+05,-0.014,0.044
10,36,5,8.8449e+05,-0.128,-0.188
10,36,5,8.8453e+05,-0.084,0.372
10,36,5,8.8457e+05,0.178,-0.102
10,36,5,8.8461e+05,-0.325,0.333
10,36,5,8.8465e+05,0.802,-0.436
10,36,5,8.8469e+05,-0.334,0.4
10,36,5,8.8473e+05,0.369,-0.763
10,36,5,8.8476e+05,-0.458,0.981
10,36,5,8.848e+05,-0.081,-0.933
10,36,5,8.8484e+05,-0.457,0.954
10,36,5,8.8488e+05,0.196,-0.391
10,36,5,8.8492e+05,-0.61,0.992
10,36,5,8.8496e+05,1.396,-1.428
10,36,5,8.85e+05,-1.068,1.253
10,36,5,8.8504e+05,1.169,-1.3
10,36,5,8.8508e+05,-0.869,1.498
10,36,5,8.8512e+05,0.508,-1.298
10,36,5,8.8516e+05,-0.256,0.933
10,36,5,8.852e+05,-0.588,0.08
10,36,5,8.8523e+05,0.481,-0.735
10,36,5,8.8527e+05,-0.192,1.506
10,36,5,8.8531e+05,0.044,-1.292
10,36,5,8.8535e+05,0.548,0.446
10,36,5,8.8539e+05,-0.435,0.327
10,36,5,8.8543e+05,0.442,-1.13
10,36,5,8.8547e+05,-0.138,1.003
10,36,5,8.8551e+05,-1.19,0.147
10,36,5,8.8555e+05,0.651,-0.932
10,36,5,8.8558e+05,-0.737,1.932
10,36,5,8.8562e+05,0.263,-1.185
10,36,5,8.8566e+05,0.211,0.001
10,36,5,8.857e+05,-0.585,0.706
10,36,5,8.8574e+05,0.229,-0.868
10,36,5,8.8578e+05,-0.023,0.493
10,36,5,8.8582e+05,-0.549,0.027
10,36,5,8.8586e+05,0.827,-0.95
10,36,5,8.859e+05,-0.279,1.484
10,36,5,8.8594e+05,0.966,-1.636
10,36,5,8.8598e+05,0.181,0.748
10,36,5,8.8602e+05,0.631,0.094
10,36,5,8.8605e+05,-0.001,-0.489
10,36,5,8.8609e+05,0.472,0.608
10,36,5,8.8613e+05,-0.49,-0.27
10,36,5,8.8617e+05,0.104,0.735
10,36,5,8.8621e+05,0.305,-0.369
10,36,5,8.8625e+05,-0.741,0.629
10,36,5,8.8629e+05,1.027,-1.267
10,36,5,8.8633e+05,-1.908,1.633
10,36,5,8.8637e+05,0.902,-1.604
10,36,5,8.8641e+05,-1.054,1.163
10,36,5,8.8644e+05,-0.34,-0.128
10,36,5,8.8648e+05,0.461,-0.317
10,36,5,8.8652e+05,-0.145,0.159
10,36,5,8.8656e+05,0.143,0.286
10,36,5,8.866e+05,0.85,-1.092
10,36,5,8.8664e+05,-1.144,1.412
10,36,5,8.8668e+05,1.506,-1.736
10,36,5,8.8672e+05,-1.123,2.081
10,36,5,8.8676e+05,1.767,-1.901
10,36,5,8.868e+05,-1.217,1.629
10,36,5,8.8684e+05,0.934,-0.918
10,36,5,8.8687e+05,-0.866,0.436
10,36,5,8.8691e+05,-0.012,0.145
10,36,5,8.8695e+05,-0.609,0.172
10,36,5,8.8699e+05,0.259,-0.298
10,36,5,8.8703e+05,-0.818,1.035
10,36,5,8.8707e+05,0.772,-1.246
10,36,5,8.8711e+05,-0.437,0.872
10,36,5,8.8715e+05,0.145,-0.489
10,36,5,8.8719e+05,-0.254,0.198
10,36,5,8.8723e+05,-0.211,0.683
10,36,5,8.8726e+05,0.369,-0.922
10,36,5,8.873e+05,0.169,0.844
10,36,5,8.8734e+05,-0.087,-0.193
10,36,5,8.8738e+05,0.239,-0.16
10,36,5,8.8742e+05,-0.25,0.364
10,36,5,8.8746e+05,0.23,0.054
10,36,5,8.875e+05,-0.3,-0.175
10,36,5,8.8754e+05,-0.577,0.724
10,36,5,8.8758e+05,0.312,-0.632
10,36,5,8.8762e+05,-0.104,0.767
10,36,5,8.8766e+05,0.247,-0.253
10,36,5,8.877e+05,-0.1,-0.493
10,36,5,8.8773e+05,-0.221,0.555
10,36,5,8.8777e+05,0.009,-0.654
10,36,5,8.8781e+05,-0.433,0.964
10,36,5,8.8785e+05,0.257,-0.824
10,36,5,8.8789e+05,-0.272,0.42
10,36,5,8.8793e+05,0.441,0.186
10,36,5,8.8797e+05,0.43,-0.115
10,36,5,8.8801e+05,0.174,0.049
10,36,5,8.8805e+05,-0.089,-0.2
10,36,5,8.8808e+05,-0.308,0.053
10,36,5,8.8812e+05,-0.372,0.617
10,36,5,8.8816e+05,0.183,-0.733
10,36,5,8.882e+05,-0.673,1.132
10,36,5,8.8824e+05,0.824,-0.567
10,36,5,8.8828e+05,-0.367,-0.247
10,36,5,8.8832e+05,-0.14,0.994
10,36,5,8.8836e+05,0.545,-0.822
10,36,5,8.884e+05,-1.103,0.907
10,36,5,8.8844e+05,0.733,-1.449
10,36,5,8.8848e+05,-0.814,0.93
10,36,5,8.8852e+05,0.34,-0.303
10,36,5,8.8855e+05,0.366,-0.389
10,36,5,8.8859e+05,-0.218,0.417
10,36,5,8.8863e+05,-0.236,-0.381
10,36,5,8.8867e+05,0.21,0.222
10,36,5,8.8871e+05,-0.44,0.44
10,36,5,8.8875e+05,0.611,-0.807
10,36,5,8.8879e+05,-0.04,0.971
10,36,5,8.8883e+05,0.579,-0.564
10,36,5,8.8887e+05,0.046,-0.117
10,36,5,8.8891e+05,0.212,0.359
10,36,5,8.8894e+05,-0.191,-0.401
10,36,5,8.8898e+05,0.12,0.536
10,36,5,8.8902e+05,-0.053,0.217
10,36,5,8.8906e+05,0.213,-0.163
10,36,5,8.891e+05,0.159,0.061
10,36,5,8.8914e+05,-0.127,-0.184
10,36,5,8.8918e+05,-0.001,-0.013
10,36,5,8.8922e+05,0.032,0.234
10,36,5,8.8926e+05,-0.309,-0.162
10,36,5,8.893e+05,0.234,0.482
10,36,5,8.8934e+05,0.204,-0.319
10,36,5,8.8937e+05,-0.143,0.797
10,36,5,8.8941e+05,0.838,-0.779
10,36,5,8.8945e+05,-0.531,0.579
10,36,5,8.8949e+05,0.241,-0.505
10,36,5,8.8953e+05,-0.207,0.29
10,36,5,8.8957e+05,-0.271,-0.101
10,36,5,8.8961e+05,-0.032,-0.064
10,36,5,8.8965e+05,-0.169,0.146
10,36,5,8.8969e+05,0.054,-0.486
10,36,5,8.8973e+05,-0.131,-0.15
10,36,5,8.8976e+05,-0.612,0.78
10,36,5,8.898e+05,-0.137,-1.178
10,36,5,8.8984e+05,-1.16,1.823
10,36,5,8.8988e+05,0.491,-1.274
10,36,5,8.8992e+05,-0.949,0.681
10,36,5,8.8996e+05,0.361,-0.411
10,36,5,8.9e+05,-0.374,0.412
10,36,5,8.9004e+05,0.515,-0.544
10,36,5,8.9008e+05,-0.982,0.836
10,36,5,8.9012e+05,1.108,-1.278
10,36,5,8.9016e+05,-1.381,2.198
10,36,5,8.902e+05,1.422,-2.294
10,36,5,8.9023e+05,-0.976,2.056
10,36,5,8.9027e+05,0.79,-1.057
10,36,5,8.9031e+05,-0.722,-0.449
10,36,5,8.9035e+05,0.596,0.471
10,36,5,8.9039e+05,-1.038,0.056
10,36,5,8.9043e+05,0.456,-0.754
10,36,5,8.9047e+05,-0.978,0.924
10,36,5,8.9051e+05,0.409,-0.724
10,36,5,8.9055e+05,-0.52,0.508
10,36,5,8.9058e+05,0.066,0.465
10,36,5,8.9062e+05,0.092,-1.478
10,36,5,8.9066e+05,-0.373,1.291
10,36,5,8.907e+05,0.009,-0.795
10,36,5,8.9074e+05,-0.597,0.749
10,36,5,8.9078e+05,-0.141,-0.603
10,36,5,8.9082e+05,-0.331,0.222
10,36,5,8.9086e+05,-0.078,0.222
10,36,5,8.909e+05,-0.23,0.175
10,36,5,8.9094e+05,-0.13,-0.275
10,36,5,8.9098e+05,-0.121,0.312
10,36,5,8.9102e+05,-0.498,-0.046
10,36,5,8.9105e+05,0.182,-0.564
10,36,5,8.9109e+05,-0.684,0.837
10,36,5,8.9113e+05,-0.087,-0.843
10,36,5,8.9117e+05,-0.319,0.61
10,36,5,8.9121e+05,-0.135,-0.229
10,36,5,8.9125e+05,-0.379,-0.065
10,36,5,8.9129e+05,-0.624,0.316
10,36,5,8.9133e+05,-0.102,-0.454
10,36,5,8.9137e+05,-0.061,0.892
10,36,5,8.9141e+05,-0.093,-0.957
10,36,5,8.9144e+05,-0.518,0.983
10,36,5,8.9148e+05,0.577,-1.159
10,36,5,8.9152e+05,-0.968,0.961
10,36,5,8.9156e+05,0.376,-0.435
10,36,5,8.916e+05,-0.749,0.664
10,36,5,8.9164e+05,0.204,-0.613
10,36,5,8.9168e+05,0.233,0.254
10,36,5,8.9172e+05,-0.249,0.202
10,36,5,8.9176e+05,-0.199,-0.497
10,36,5,8.918e+05,-0.146,0.516
10,36,5,8.9184e+05,-0.784,0.11
10,36,5,8.9187e+05,0.361,-0.7
10,36,5,8.9191e+05,-0.772,1.276
10,36,5,8.9195e+05,0.557,-1.036
10,36,5,8.9199e+05,-0.356,1.033
10,36,5,8.9203e+05,0.424,-0.81
10,36,5,8.9207e+05,-0.526,0.349
10,36,5,8.9211e+05,0.036,-0.202
10,36,5,8.9215e+05,-0.716,0.406
10,36,5,8.9219e+05,0.093,-0.089
10,36,5,8.9223e+05,-0.62,0.738
10,36,5,8.9226e+05,0.571,-0.449
10,36,5,8.923e+05,-0.195,0.024
10,36,5,8.9234e+05,0.144,0.293
10,36,5,8.9238e+05,-0.701,0.563
10,36,5,8.9242e+05,0.553,-0.925
10,36,5,8.9246e+05,-0.574,0.617
10,36,5,8.925e+05,-0.06,-0.085
10,36,5,8.9254e+05,0.499,0.098
10,36,5,8.9258e+05,0.034,-0.105
10,36,5,8.9262e+05,0.979,-0.77
10,36,5,8.9266e+05,-0.464,1.088
10,36,5,8.927e+05,-0.235,-0.617
10,36,5,8.9273e+05,-0.063,0.346
10,36,5,8.9277e+05,-0.415,-0.495
10,36,5,8.9281e+05,-0.309,0.554
10,36,5,8.9285e+05,0.421,-0.61
10,36,5,8.9289e+05,-0.617,0.592
10,36,5,8.9293e+05,0.221,-0.524
10,36,5,8.9297e+05,-0.636,0.243
10,36,5,8.9301e+05,-0.444,0.549
10,36,5,8.9305e+05,0.127,-0.77
10,36,5,8.9308e+05,-1.159,0.945
10,36,5,8.9312e+05,0.584,-0.703
10,36,5,8.9316e+05,-0.062,0.197
10,36,5,8.932e+05,0.015,0.734
10,36,5,8.9324e+05,0.839,-1.618
10,36,5,8.9328e+05,-1.03,2.323
10,36,5,8.9332e+05,1.146,-2.282
10,36,5,8.9336e+05,-0.848,1.654
10,36,5,8.934e+05,0.121,-0.739
10,36,5,8.9344e+05,-0.001,0.018
10,36,5,8.9348e+05,-0.158,0.594
10,36,5,8.9352e+05,0.16,-0.955
10,36,5,8.9355e+05,-0.307,0.412
10,36,5,8.9359e+05,-0.607,-0.151
10,36,5,8.9363e+05,-0.023,-0.109
10,36,5,8.9367e+05,-0.727,0.918
10,36,5,8.9371e+05,0.769,-0.954
10,36,5,8.9375e+05,-0.206,0.416
10,36,5,8.9379e+05,0.324,-0.028
10,36,5,8.9383e+05,0.194,-0.19
10,36,5,8.9387e+05,-0.512,0.123
10,36,5,8.9391e+05,-0.251,0.582
10,36,5,8.9394e+05,0.115,-0.383
10,36,5,8.9398e+05,-0.33,0.243
10,36,5,8.9402e+05,0.807,-0.784
10,36,5,8.9406e+05,-1.008,1.107
10,36,5,8.941e+05,0.635,-1.038
10,36,5,8.9414e+05,-0.84,0.753
10,36,5,8.9418e+05,0.456,-0.888
10,36,5,8.9422e+05,-1.048,1.272
10,36,5,8.9426e+05,0.814,-1.142
10,36,5,8.943e+05,-0.89,1.266
10,36,5,8.9434e+05,1.29,-1.427
10,36,5,8.9437e+05,-0.801,1.231
10,36,5,8.9441e+05,1.026,-0.832
10,36,5,8.9445e+05,-1.037,0.582
10,36,5,8.9449e+05,0.754,-0.582
10,36,5,8.9453e+05,-0.73,0.117
10,36,5,8.9457e+05,0.455,0.124
10,36,5,8.9461e+05,-0.237,-0.017
10,36,5,8.9465e+05,0.625,-0.505
10,36,5,8.9469e+05,-0.556,0.797
10,36,5,8.9473e+05,0.408,-1.035
10,36,5,8.9476e+05,-0.825,0.96
10,36,5,8.948e+05,-0.383,-0.498
10,36,5,8.9484e+05,-0.374,-0.044
10,36,5,8.9488e+05,-0.245,0.168
10,36,5,8.9492e+05,0.109,-0.909
10,36,5,8.9496e+05,-0.323,1.005
10,36,5,8.95e+05,0.268,-1.125
10,36,5,8.9504e+05,-0.694,1.247
10,36,5,8.9508e+05,0.813,-1.433
10,36,5,8.9512e+05,-0.905,1.76
10,36,5,8.9516e+05,0.997,-0.815
10,36,5,8.952e+05,0.268,0.532
10,36,5,8.9523e+05,0.75,-0.474
10,36,5,8.9527e+05,0.254,0.364
10,36,5,8.9531e+05,0.134,-0.216
10,36,5,8.9535e+05,-0.3,-0.035
10,36,5,8.9539e+05,0.449,-0.549
10,36,5,8.9543e+05,-0.964,1.047
10,36,5,8.9547e+05,0.454,-0.651
10,36,5,8.9551e+05,-0.439,0.082
10,36,5,8.9555e+05,0.068,-0.196
10,36,5,8.9558e+05,-0.415,-0.188
10,36,5,8.9562e+05,-0.636,-0.01
10,36,5,8.9566e+05,-0.427,-0.322
10,36,5,8.957e+05,0.056,-0.412
10,36,5,8.9574e+05,-0.399,0.117
10,36,5,8.9578e+05,0.306,-0.209
10,36,5,8.9582e+05,-0.594,0.722
10,36,5,8.9586e+05,0.541,-0.87
10,36,5,8.959e+05,-0.532,1.052
10,36,5,8.9594e+05,0.549,-0.795
10,36,5,8.9598e+05,-0.341,0.585
10,36,5,8.9602e+05,0.257,0.124
10,36,5,8.9605e+05,0.288,-0.296
10,36,5,8.9609e+05,0.449,0.334
10,36,5,8.9613e+05,0.476,-0.259
10,36,5,8.9617e+05,-0.154,0.975
10,36,5,8.9621e+05,0.529,-1
10,36,5,8.9625e+05,-0.497,0.529
10,36,5,8.9629e+05,-0.113,-0.265
10,36,5,8.9633e+05,-0.521,0.615
10,36,5,8.9637e+05,0.131,-0.835
10,36,5,8.9641e+05,-0.252,0.493
10,36,5,8.9644e+05,-0.235,-0.343
10,36,5,8.9648e+05,-0.414,-0.109
10,36,5,8.9652e+05,-0.182,-0.172
10,36,5,8.9656e+05,-0.411,-0.281
10,36,5,8.966e+05,-0.289,0.544
10,36,5,8.9664e+05,0.178,-0.476
10,36,5,8.9668e+05,0.178,0.121
10,36,5,8.9672e+05,0.222,0.087
10,36,5,8.9676e+05,0.212,-0.367
10,36,5,8.968e+05,-0.212,0.551
10,36,5,8.9684e+05,0.422,-0.622
10,36,5,8.9687e+05,-0.445,0.706
10,36,5,8.9691e+05,0.302,-0.508
10,36,5,8.9695e+05,-0.219,0.6
10,36,5,8.9699e+05,0.626,-0.605
10,36,5,8.9703e+05,0.407,0.185
10,36,5,8.9707e+05,0.217,0.474
10,36,5,8.9711e+05,0.492,-0.432
10,36,5,8.9715e+05,0.261,-0.138
10,36,5,8.9719e+05,0.064,-0.25
10,36,5,8.9723e+05,0.306,-0.085
10,36,5,8.9726e+05,-0.184,0.587
10,36,5,8.973e+05,0.423,-0.448
10,36,5,8.9734e+05,-0.297,0.14
10,36,5,8.9738e+05,0.138,0.017
10,36,5,8.9742e+05,-0.17,0.048
10,36,5,8.9746e+05,-0.506,0.338
10,36,5,8.975e+05,0.012,-0.482
10,36,5,8.9754e+05,-1.023,0.108
10,36,5,8.9758e+05,0.092,-0.491
10,36,5,8.9762e+05,-0.296,0.761
10,36,5,8.9766e+05,0.385,-0.555
10,36,5,8.977e+05,-0.389,0.988
10,36,5,8.9773e+05,0.698,-0.99
10,36,5,8.9777e+05,-1.036,1.303
10,36,5,8.9781e+05,1.04,-1.178
10,36,5,8.9785e+05,-0.737,0.67
10,36,5,8.9789e+05,0.714,-0.237
10,36,5,8.9793e+05,-0.023,-0.176
10,36,5,8.9797e+05,0.426,-0.211
10,36,5,8.9801e+05,-0.102,-0.162
10,36,5,8.9805e+05,-0.74,0.753
10,36,5,8.9808e+05,-0.013,-0.81
10,36,5,8.9812e+05,-0.947,1.188
10,36,5,8.9816e+05,0.246,-1.056
10,36,5,8.982e+05,-0.712,1.562
10,36,5,8.9824e+05,0.947,-1.555
10,36,5,8.9828e+05,-0.389,1.175
10,36,5,8.9832e+05,0.808,-1.319
10,36,5,8.9836e+05,-0.931,1.279
10,36,5,8.984e+05,0.688,-0.8
10,36,5,8.9844e+05,-0.872,0.562
10,36,5,8.9848e+05,0.759,-0.117
10,36,5,8.9852e+05,-0.759,0.29
10,36,5,8.9855e+05,0.812,-0.419
10,36,5,8.9859e+05,-0.153,0.091
10,36,5,8.9863e+05,-0.06,-0.172
10,36,5,8.9867e+05,-0.46,0.144
10,36,5,8.9871e+05,-0.193,0.112
10,36,5,8.9875e+05,0.049,-0.541
10,36,5,8.9879e+05,0.183,0.765
10,36,5,8.9883e+05,0.266,-0.84
10,36,5,8.9887e+05,-0.277,0.884
10,36,5,8.9891e+05,0.125,-0.647
10,36,5,8.9894e+05,-0.882,0.792
10,36,5,8.9898e+05,0.101,-0.21
10,36,5,8.9902e+05,-0.34,0.394
10,36,5,8.9906e+05,0.474,-0.267
10,36,5,8.991e+05,-0.007,0.338
10,36,5,8.9914e+05,0.062,-0.157
10,36,5,8.9918e+05,-0.411,0.324
10,36,5,8.9922e+05,-0.255,-0.363
10,36,5,8.9926e+05,-0.747,0.603
10,36,5,8.993e+05,0.064,-0.275
10,36,5,8.9934e+05,-0.064,0.276
10,36,5,8.9937e+05,0.857,-0.316
10,36,5,8.9941e+05,-0.062,-0.043
10,36,5,8.9945e+05,0.631,-0.366
10,36,5,8.9949e+05,-0.56,0.113
10,36,5,8.9953e+05,-0.035,0.132
10,36,5,8.9957e+05,-0.101,-0.257
10,36,5,8.9961e+05,-0.52,0.963
10,36,5,8.9965e+05,0.775,-0.915
10,36,5,8.9969e+05,-0.974,1.08
10,36,5,8.9973e+05,1.17,-1.462
10,36,5,8.9976e+05,-1.669,1.728
10,36,5,8.998e+05,0.536,-1.854
10,36,5,8.9984e+05,-1.271,2.15
10,36,5,8.9988e+05,0.55,-1.491
10,36,5,8.9992e+05,-0.739,1.476
10,36,5,8.9996e+05,0.956,-1.092
10,36,5,9e+05,-0.552,0.646
10,36,5,9.0004e+05,0.802,-0.525
10,36,5,9.0008e+05,-0.736,0.17
10,36,5,9.0012e+05,-0.097,0.373
10,36,5,9.0016e+05,0.103,-0.455
10,36,5,9.002e+05,-0.044,0.486
10,36,5,9.0023e+05,-0.245,-0.442
10,36,5,9.0027e+05,0.453,-0.568
10,36,5,9.0031e+05,-0.681,0.811
10,36,5,9.0035e+05,0.488,-0.989
10,36,5,9.0039e+05,-1.226,1.372
10,36,5,9.0043e+05,0.455,-1.237
10,36,5,9.0047e+05,-0.706,0.741
10,36,5,9.0051e+05,0.459,-0.463
10,36,5,9.0055e+05,-0.027,-0.541
10,36,5,9.0058e+05,-0.339,0.372
10,36,5,9.0062e+05,-0.012,-0.222
10,36,5,9.0066e+05,-0.309,0.638
10,36,5,9.007e+05,-0.126,-0.029
10,36,5,9.0074e+05,-0.013,-0.172
10,36,5,9.0078e+05,-0.262,0.497
10,36,5,9.0082e+05,0.205,-0.591
10,36,5,9.0086e+05,-0.148,-0.318
10,36,5,9.009e+05,0.037,0.159
10,36,5,9.0094e+05,0.031,-0.388
10,36,5,9.0098e+05,0.204,-0.131
10,36,5,9.0102e+05,0.174,0.05
10,36,5,9.0105e+05,-0.46,-0.083
10,36,5,9.0109e+05,-0.509,0.677
10,36,5,9.0113e+05,0.009,-0.081
10,36,5,9.0117e+05,-0.039,-0.324
10,36,5,9.0121e+05,-0.096,0.577
10,36,5,9.0125e+05,0.534,-0.765
10,36,5,9.0129e+05,0.095,-0.142
10,36,5,9.0133e+05,0.102,-0.179
10,36,5,9.0137e+05,-0.494,0.269
10,36,5,9.0141e+05,-0.419,0.384
10,36,5,9.0144e+05,-0.49,-0.291
10,36,5,9.0148e+05,-0.373,0.519
10,36,5,9.0152e+05,0.012,-0.055
10,36,5,9.0156e+05,0.069,0.094
10,36,5,9.016e+05,0.197,-0.467
10,36,5,9.0164e+05,-0.055,-0.479
10,36,5,9.0168e+05,-0.172,0.296
10,36,5,9.0172e+05,-0.361,0.148
10,36,5,9.0176e+05,0.145,-0.392
10,36,5,9.018e+05,-0.351,0.57
10,36,5,9.0184e+05,0.339,-0.244
10,36,5,9.0187e+05,0.114,0.122
10,36,5,9.0191e+05,0.204,-0.361
10,36,5,9.0195e+05,-0.233,0.091
10,36,5,9.0199e+05,-0.164,0.282
10,36,5,9.0203e+05,-0.068,-0.46
10,36,5,9.0207e+05,-0.066,0.166
10,36,5,9.0211e+05,0.322,-0.461
10,36,5,9.0215e+05,-0.179,0.338
10,36,5,9.0219e+05,0.02,-0.203
10,36,5,9.0223e+05,-0.507,0.333
10,36,5,9.0226e+05,0.152,-0.306
10,36,5,9.023e+05,-0.431,0.677
10,36,5,9.0234e+05,0.307,-0.695
10,36,5,9.0238e+05,-0.041,-0.131
10,36,5,9.0242e+05,0.218,-0.43
10,36,5,9.0246e+05,-0.204,0.302
10,36,5,9.025e+05,-0.196,-0.003
10,36,5,9.0254e+05,-0.288,0.263
10,36,5,9.0258e+05,-0.018,-0.194
10,36,5,9.0262e+05,-0.003,-0.216
10,36,5,9.0266e+05,-0.058,0.26
10,36,5,9.027e+05,-0.183,-0.254
10,36,5,9.0273e+05,0.207,-0.129
10,36,5,9.0277e+05,-0.704,-0.296
10,36,5,9.0281e+05,-0.165,-0.228
10,36,5,9.0285e+05,-0.353,0.738
10,36,5,9.0289e+05,-0.04,-0.207
10,36,5,9.0293e+05,0.417,-0.062
10,36,5,9.0297e+05,-0.031,0.128
10,36,5,9.0301e+05,0.401,-0.537
10,36,5,9.0305e+05,-0.179,0.374
10,36,5,9.0308e+05,-0.08,-0.425
10,36,5,9.0312e+05,-0.433,0.503
10,36,5,9.0316e+05,0.111,-0.469
10,36,5,9.032e+05,0.495,0.136
10,36,5,9.0324e+05,0.489,-0.069
10,36,5,9.0328e+05,0.169,-0.488
10,36,5,9.0332e+05,0.446,0.313
10,36,5,9.0336e+05,-0.686,-0.465
10,36,5,9.034e+05,0.666,-0.548
10,36,5,9.0344e+05,-0.814,1.179
10,36,5,9.0348e+05,0.184,-1.18
10,36,5,9.0352e+05,-0.257,1.165
10,36,5,9.0355e+05,0.286,-0.829
10,36,5,9.0359e+05,-0.071,0.154
10,36,5,9.0363e+05,-0.528,0.894
10,36,5,9.0367e+05,-0.058,-0.855
10,36,5,9.0371e+05,-0.195,1.051
10,36,5,9.0375e+05,-0.196,-0.817
10,36,5,9.0379e+05,-0.362,0.482
10,36,5,9.0383e+05,0.058,-0.204
10,36,5,9.0387e+05,0.022,-0.132
10,36,5,9.0391e+05,0.279,-0.51
10,36,5,9.0394e+05,-0.494,0.648
10,36,5,9.0398e+05,0.585,-0.725
10,36,5,9.0402e+05,-0.228,0.603
10,36,5,9.0406e+05,0.719,-0.768
10,36,5,9.041e+05,-0.346,0.559
10,36,5,9.0414e+05,0.568,-0.721
10,36,5,9.0418e+05,-0.205,0.998
10,36,5,9.0422e+05,0.725,-0.526
10,36,5,9.0426e+05,-0.583,1.043
10,36,5,9.043e+05,0.834,-0.442
10,36,5,9.0434e+05,-0.561,0.812
10,36,5,9.0437e+05,0.745,-0.969
10,36,5,9.0441e+05,-1.017,1.12
10,36,5,9.0445e+05,0.337,-0.698
10,36,5,9.0449e+05,-1.112,0.51
10,36,5,9.0453e+05,0.476,-0.907
10,36,5,9.0457e+05,-1.021,1.433
10,36,5,9.0461e+05,0.585,-0.945
10,36,5,9.0465e+05,-0.613,-0.012
10,36,5,9.0469e+05,-0.04,0.049
10,36,5,9.0473e+05,-0.353,-0.165
10,36,5,9.0476e+05,-0.184,0.498
10,36,5,9.048e+05,0.113,-0.651
10,36,5,9.0484e+05,-0.116,0.436
10,36,5,9.0488e+05,0.312,0.002
10,36,5,9.0492e+05,0.283,0.301
10,36,5,9.0496e+05,0.704,-0.694
10,36,5,9.05e+05,-0.3,1.009
10,36,5,9.0504e+05,0.625,-0.754
10,36,5,9.0508e+05,-0.367,0.662
10,36,5,9.0512e+05,0.693,-1.003
10,36,5,9.0516e+05,-0.987,1.146
10,36,5,9.052e+05,0.744,-1.207
10,36,5,9.0523e+05,-0.899,0.671
10,36,5,9.0527e+05,0.468,-0.611
10,36,5,9.0531e+05,-0.978,0.725
10,36,5,9.0535e+05,0.459,-0.871
10,36,5,9.0539e+05,-0.781,0.818
10,36,5,9.0543e+05,0.274,-0.361
10,36,5,9.0547e+05,-0.032,0.336
10,36,5,9.0551e+05,0.532,-0.182
10,36,5,9.0555e+05,-0.035,-0.106
10,36,5,9.0558e+05,0.598,-0.079
10,36,5,9.0562e+05,-0.054,0.164
10,36,5,9.0566e+05,0.548,0.193
10,36,5,9.057e+05,-0.047,0.084
10,36,5,9.0574e+05,0.343,-0.146
10,36,5,9.0578e+05,0.071,-0.434
10,36,5,9.0582e+05,0.039,0.355
10,36,5,9.0586e+05,-0.192,0.291
10,36,5,9.059e+05,-0.28,-0.189
10,36,5,9.0594e+05,-0.119,0.026
10,36,5,9.0598e+05,-0.463,0.207
10,36,5,9.0602e+05,0.235,0.004
10,36,5,9.0605e+05,-0.483,0.185
10,36,5,9.0609e+05,0.423,-0.539
10,36,5,9.0613e+05,-0.675,0.514
10,36,5,9.0617e+05,0.633,-0.635
10,36,5,9.0621e+05,0.014,0.37
10,36,5,9.0625e+05,0.432,-0.662
10,36,5,9.0629e+05,-0.606,0.616
10,36,5,9.0633e+05,0.918,-1.09
10,36,5,9.0637e+05,-0.903,1.279
10,36,5,9.0641e+05,0.944,-1.236
10,36,5,9.0644e+05,-0.689,1.208
10,36,5,9.0648e+05,0.618,-1.093
10,36,5,9.0652e+05,-0.369,1.026
10,36,5,9.0656e+05,0.389,-0.657
10,36,5,9.066e+05,-0.618,0.788
10,36,5,9.0664e+05,0.103,-1.017
10,36,5,9.0668e+05,-0.445,0.805
10,36,5,9.0672e+05,0.613,-0.265
10,36,5,9.0676e+05,-0.486,0.316
10,36,5,9.068e+05,0.494,-0.122
10,36,5,9.0684e+05,0.017,-0.578
10,36,5,9.0687e+05,0.061,0.589
10,36,5,9.0691e+05,-0.225,-0.579
10,36,5,9.0695e+05,-0.332,0.2
10,36,5,9.0699e+05,-0.07,-0.244
10,36,5,9.0703e+05,-0.045,0.246
10,36,5,9.0707e+05,0.549,-0.385
10,36,5,9.0711e+05,-0.326,0.862
10,36,5,9.0715e+05,0.581,-1.26
10,36,5,9.0719e+05,-0.499,0.95
10,36,5,9.0723e+05,0.264,-0.605
10,36,5,9.0726e+05,-0.164,0.572
10,36,5,9.073e+05,0.179,-0.039
10,36,5,9.0734e+05,0.641,-0.804
10,36,5,9.0738e+05,0.28,0.493
10,36,5,9.0742e+05,0.581,-0.425
10,36,5,9.0746e+05,-0.509,0.797
10,36,5,9.075e+05,0.249,-1.113
10,36,5,9.0754e+05,-0.885,0.613
10,36,5,9.0758e+05,-0.537,-0.15
10,36,5,9.0762e+05,-0.246,-0.103
10,36,5,9.0766e+05,-0.08,0.131
10,36,5,9.077e+05,0.605,-1.311
10,36,5,9.0773e+05,-0.588,1.325
10,36,5,9.0777e+05,0.25,-1.115
10,36,5,9.0781e+05,-0.691,1.107
10,36,5,9.0785e+05,0.328,-0.417
10,36,5,9.0789e+05,-0.206,0.313
10,36,5,9.0793e+05,0.685,0.085
10,36,5,9.0797e+05,0.155,-0.271
10,36,5,9.0801e+05,0.285,-0.159
10,36,5,9.0805e+05,-0.264,0.279
10,36,5,9.0808e+05,-0.007,-0.226
10,36,5,9.0812e+05,-0.483,0.24
10,36,5,9.0816e+05,0.41,-0.283
10,36,5,9.082e+05,-0.379,0.459
10,36,5,9.0824e+05,0.747,-0.514
10,36,5,9.0828e+05,-0.43,0.74
10,36,5,9.0832e+05,0.396,-0.687
10,36,5,9.0836e+05,-0.561,0.192
10,36,5,9.084e+05,0.132,-0.483
10,36,5,9.0844e+05,-0.68,0.067
10,36,5,9.0848e+05,-0.021,-0.361
10,36,5,9.0852e+05,-0.329,0.212
10,36,5,9.0855e+05,0.482,-0.318
10,36,5,9.0859e+05,-0.362,0.816
10,36,5,9.0863e+05,0.732,-1.264
10,36,5,9.0867e+05,-0.88,1.012
10,36,5,9.0871e+05,0.068,0.074
10,36,5,9.0875e+05,-0.205,0.373
10,36,5,9.0879e+05,0.121,0.04
10,36,5,9.0883e+05,0.458,-0.31
10,36,5,9.0887e+05,0.185,0.335
10,36,5,9.0891e+05,0.111,-0.413
10,36,5,9.0894e+05,0.017,0.503
10,36,5,9.0898e+05,-0.276,-0.359
10,36,5,9.0902e+05,-0.329,0.585
10,36,5,9.0906e+05,0.163,-0.24
10,36,5,9.091e+05,0.15,-0.105
10,36,5,9.0914e+05,0.366,-0.528
10,36,5,9.0918e+05,-0.3,0.419
10,36,5,9.0922e+05,0.548,-0.618
10,36,5,9.0926e+05,-0.731,0.412
10,36,5,9.093e+05,-0.051,-0.297
10,36,5,9.0934e+05,-0.391,0.444
10,36,5,9.0937e+05,0.043,-0.477
10,36,5,9.0941e+05,-0.003,0.709
10,36,5,9.0945e+05,0.351,-0.925
10,36,5,9.0949e+05,-0.739,1.024
10,36,5,9.0953e+05,0.696,-0.927
10,36,5,9.0957e+05,-1.097,1.073
10,36,5,9.0961e+05,0.752,-0.76
10,36,5,9.0965e+05,-0.6,0.633
10,36,5,9.0969e+05,0.807,-0.269
10,36,5,9.0973e+05,-0.141,-0.23
10,36,5,9.0976e+05,-0.131,-0.077
10,36,5,9.098e+05,0.013,-0.235
10,36,5,9.0984e+05,0.183,-0.06
10,36,5,9.0988e+05,0.386,-0.197
10,36,5,9.0992e+05,0.435,-0.366
10,36,5,9.0996e+05,0.261,0.051
10,36,5,9.1e+05,0.435,0.096
10,36,5,9.1004e+05,-0.289,-0.293
10,36,5,9.1008e+05,-0.185,0.614
10,36,5,9.1012e+05,-0.198,0.162
10,36,5,9.1016e+05,-0.043,-0.284
10,36,5,9.102e+05,-0.006,0.443
10,36,5,9.1023e+05,0.133,-0.219
10,36,5,9.1027e+05,0.085,0.513
10,36,5,9.1031e+05,0.018,-0.413
10,36,5,9.1035e+05,-0.443,-0.264
10,36,5,9.1039e+05,-0.278,0.51
10,36,5,9.1043e+05,-0.033,-0.035
10,36,5,9.1047e+05,-0.14,0.417
10,36,5,9.1051e+05,0.026,-0.483
10,36,5,9.1055e+05,-0.25,0.636
10,36,5,9.1058e+05,0.651,-0.636
10,36,5,9.1062e+05,-0.309,-0.012
10,36,5,9.1066e+05,0.005,0.553
10,36,5,9.107e+05,0.004,-0.246
10,36,5,9.1074e+05,0.119,-0.481
10,36,5,9.1078e+05,0.304,0.039
10,36,5,9.1082e+05,-0.168,0.154
10,36,5,9.1086e+05,0.247,-0.062
10,36,5,9.109e+05,-0.159,-0.084
10,36,5,9.1094e+05,-0.331,-0.048
10,36,5,9.1098e+05,-0.457,0.677
10,36,5,9.1102e+05,0.159,-0.185
10,36,5,9.1105e+05,0.126,0.012
10,36,5,9.1109e+05,0.116,-0.025
10,36,5,9.1113e+05,-0.349,0.16
10,36,5,9.1117e+05,-0.209,-0.076
10,36,5,9.1121e+05,0.084,-0.455
10,36,5,9.1125e+05,-0.721,1.188
10,36,5,9.1129e+05,0.095,-0.573
10,36,5,9.1133e+05,0.086,-0.081
10,36,5,9.1137e+05,0.262,0.364
10,36,5,9.1141e+05,0.212,-0.314
10,36,5,9.1144e+05,-0.001,0.359
10,36,5,9.1148e+05,0.126,-0.475
10,36,5,9.1152e+05,-0.615,0.464
10,36,5,9.1156e+05,0.457,-0.607
10,36,5,9.116e+05,-0.669,0.937
10,36,5,9.1164e+05,0.77,-1.159
10,36,5,9.1168e+05,-0.669,0.747
10,36,5,9.1172e+05,0.388,-0.616
10,36,5,9.1176e+05,-0.879,0.348
10,36,5,9.118e+05,-0.138,0.03
10,36,5,9.1184e+05,-0.264,-0.168
10,36,5,9.1187e+05,-0.071,0.389
10,36,5,9.1191e+05,0.514,-0.22
10,36,5,9.1195e+05,0.174,0.262
10,36,5,9.1199e+05,0.078,-0.285
10,36,5,9.1203e+05,-0.272,-0.092
10,36,5,9.1207e+05,-0.43,0.413
10,36,5,9.1211e+05,0.091,-0.309
10,36,5,9.1215e+05,-0.062,0.346
10,36,5,9.1219e+05,0.278,0.122
10,36,5,9.1223e+05,0.409,-1.14
10,36,5,9.1226e+05,-0.066,0.946
10,36,5,9.123e+05,-0.105,-0.585
10,36,5,9.1234e+05,-0.446,0.549
10,36,5,9.1238e+05,0.21,-0.753
10,36,5,9.1242e+05,-0.418,1.031
10,36,5,9.1246e+05,0.263,-0.571
10,36,5,9.125e+05,-0.091,0.543
10,36,5,9.1254e+05,0.19,-0.686
10,36,5,9.1258e+05,-0.026,0.168
10,36,5,9.1262e+05,-0.781,0.525
10,36,5,9.1266e+05,0.558,-1.1
10,36,5,9.127e+05,-0.604,1.083
10,36,5,9.1273e+05,0.411,-0.828
10,36,5,9.1277e+05,-0.303,0.983
10,36,5,9.1281e+05,0.17,-0.729
10,36,5,9.1285e+05,0.168,0.125
10,36,5,9.1289e+05,-0.078,0.346
10,36,5,9.1293e+05,0.41,-0.778
10,36,5,9.1297e+05,-0.048,0.323
10,36,5,9.1301e+05,0.583,-0.568
10,36,5,9.1305e+05,-0.434,0.566
10,36,5,9.1308e+05,0.428,-0.625
10,36,5,9.1312e+05,-0.776,-0.04
10,36,5,9.1316e+05,1.549,3.087
10,36,5,9.132e+05,2.508,7.925
10,36,5,9.1324e+05,-2.405,-25.195
10,36,5,9.1328e+05,0.484,22.904
10,36,5,9.1332e+05,-3.782,-1.541
10,36,5,9.1336e+05,-1.039,-15.814
10,36,5,9.134e+05,2.214,10.116
10,36,5,9.1344e+05,-11.865,2.765
10,36,5,9.1348e+05,4.159,0.699
10,36,5,9.1352e+05,3.776,-13.914
10,36,5,9.1355e+05,-7.796,18.977
10,36,5,9.1359e+05,7.846,-7.095
10,36,5,9.1363e+05,-3.053,-5.445
10,36,5,9.1367e+05,5.948,4.029
10,36,5,9.1371e+05,-1.23,-3.786
10,36,5,9.1375e+05,-2.078,8.818
10,36,5,9.1379e+05,6.91,-5.846
10,36,5,9.1383e+05,-2.459,-4.768
10,36,5,9.1387e+05,-1.018,10.796
10,36,5,9.1391e+05,1.446,-0.859
10,36,5,9.1394e+05,-1.211,-6.754
10,36,5,9.1398e+05,2.058,1.057
10,36,5,9.1402e+05,-5.119,9.091
10,36,5,9.1406e+05,1.654,-13.101
10,36,5,9.141e+05,0.453,4.768
10,36,5,9.1414e+05,-3.476,2.282
10,36,5,9.1418e+05,1.034,-5.918
10,36,5,9.1422e+05,-1.035,5.659
10,36,5,9.1426e+05,-0.33,-0.977
10,36,5,9.143e+05,1.259,-1.679
10,36,5,9.1434e+05,-0.965,2.026
10,36,5,9.1437e+05,2.789,-0.477
10,36,5,9.1441e+05,-0.285,-1.232
10,36,5,9.1445e+05,0.64,-0.155
10,36,5,9.1449e+05,0.941,0.262
10,36,5,9.1453e+05,-1.151,-0.034
10,36,5,9.1457e+05,-0.221,2.474
10,36,5,9.1461e+05,-0.157,-0.202
10,36,5,9.1465e+05,0.59,-2.731
10,36,5,9.1469e+05,0.237,2.452
10,36,5,9.1473e+05,-1.152,0.429
10,36,5,9.1476e+05,0.751,-3.271
10,36,5,9.148e+05,-0.322,0.094
10,36,5,9.1484e+05,-1.047,1.354
10,36,5,9.1488e+05,-0.252,-0.205
10,36,5,9.1492e+05,0.329,0.31
10,36,5,9.1496e+05,1.495,-1.537
10,36,5,9.15e+05,-0.834,2.131
10,36,5,9.1504e+05,0.904,-0.497
10,36,5,9.1508e+05,-0.829,0.307
10,36,5,9.1512e+05,0.618,-1.78
10,36,5,9.1516e+05,-0.995,1.94
10,36,5,9.152e+05,0.001,-1.042
10,36,5,9.1523e+05,-0.276,0.679
10,36,5,9.1527e+05,1.283,-1.841
10,36,5,9.1531e+05,-1.898,2.13
10,36,5,9.1535e+05,0.937,-1.111
10,36,5,9.1539e+05,-1.61,1.295
10,36,5,9.1543e+05,1.613,-2.233
10,36,5,9.1547e+05,-1.534,1.823
10,36,5,9.1551e+05,0.906,-1.151
10,36,5,9.1555e+05,-0.378,0.414
10,36,5,9.1558e+05,0.78,-0.382
10,36,5,9.1562e+05,-0.257,0.428
10,36,5,9.1566e+05,0.419,-0.051
10,36,5,9.157e+05,-0.303,0.106
10,36,5,9.1574e+05,0.264,0.015
10,36,5,9.1578e+05,-0.783,-0.051
10,36,5,9.1582e+05,-0.42,0.279
10,36,5,9.1586e+05,-0.16,-0.743
10,36,5,9.159e+05,-0.447,0.536
10,36,5,9.1594e+05,0.787,-1.563
10,36,5,9.1598e+05,-0.925,2.036
10,36,5,9.1602e+05,0.786,-1.882
10,36,5,9.1605e+05,-0.738,1.678
10,36,5,9.1609e+05,1.378,-1.476
10,36,5,9.1613e+05,-0.706,1.776
10,36,5,9.1617e+05,0.998,-0.84
10,36,5,9.1621e+05,-0.129,0.348
10,36,5,9.1625e+05,1.224,-0.623
10,36,5,9.1629e+05,-0.672,1.17
10,36,5,9.1633e+05,0.423,-0.76
10,36,5,9.1637e+05,-0.852,0.471
10,36,5,9.1641e+05,0.722,-1.042
10,36,5,9.1644e+05,-0.773,1.458
10,36,5,9.1648e+05,0.839,-0.924
10,36,5,9.1652e+05,-0.333,-0.032
10,36,5,9.1656e+05,0.811,-0.572
10,36,5,9.166e+05,-0.729,0.167
10,36,5,9.1664e+05,-0.289,0.253
10,36,5,9.1668e+05,-0.266,-0.413
10,36,5,9.1672e+05,-0.267,0.853
10,36,5,9.1676e+05,0.645,-0.371
10,36,5,9.168e+05,0.084,0.682
10,36,5,9.1684e+05,0.455,-0.786
10,36,5,9.1687e+05,0.035,0.231
10,36,5,9.1691e+05,-0.122,-0.217
10,36,5,9.1695e+05,0.241,-0.079
10,36,5,9.1699e+05,-0.178,0.042
10,36,5,9.1703e+05,-0.054,0.292
10,36,5,9.1707e+05,0.653,-0.474
10,36,5,9.1711e+05,-0.518,0.693
10,36,5,9.1715e+05,0.363,-0.319
10,36,5,9.1719e+05,-0.798,0.29
10,36,5,9.1723e+05,0.12,-0.909
10,36,5,9.1726e+05,-0.483,1.263
10,36,5,9.173e+05,0.424,-0.566
10,36,5,9.1734e+05,-0.298,0.696
10,36,5,9.1738e+05,0.768,-1.347
10,36,5,9.1742e+05,-0.916,1.248
10,36,5,9.1746e+05,0.795,-0.634
10,36,5,9.175e+05,-1.12,1.392
10,36,5,9.1754e+05,0.859,-1.085
10,36,5,9.1758e+05,-0.442,0.494
10,36,5,9.1762e+05,0.695,-0.405
10,36,5,9.1766e+05,0.217,0.151
10,36,5,9.177e+05,0.182,-0.083
10,36,5,9.1773e+05,-0.414,0.218
10,36,5,9.1777e+05,0.39,-0.279
10,36,5,9.1781e+05,-0.516,0.939
10,36,5,9.1785e+05,1.152,-0.724
10,36,5,9.1789e+05,-0.736,0.749
10,36,5,9.1793e+05,0.825,-0.848
10,36,5,9.1797e+05,-0.584,0.801
10,36,5,9.1801e+05,0.635,-0.271
10,36,5,9.1805e+05,-0.487,0.032
10,36,5,9.1808e+05,0.011,0.192
10,36,5,9.1812e+05,-0.509,-0.119
10,36,5,9.1816e+05,0.14,0.401
10,36,5,9.182e+05,-0.794,0.544
10,36,5,9.1824e+05,0.502,-0.681
10,36,5,9.1828e+05,-0.772,0.407
10,36,5,9.1832e+05,0.92,-0.852
10,36,5,9.1836e+05,-0.59,0.847
10,36,5,9.184e+05,0.4,-0.748
10,36,5,9.1844e+05,0.018,0.107
10,36,5,9.1848e+05,-0.239,0.318
10,36,5,9.1852e+05,0.694,-0.497
10,36,5,9.1855e+05,-0.286,0.667
10,36,5,9.1859e+05,0.274,0.011
10,36,5,9.1863e+05,0.066,-0.266
10,36,5,9.1867e+05,0.277,-0.297
10,36,5,9.1871e+05,0.052,0.699
10,36,5,9.1875e+05,-0.284,-0.649
10,36,5,9.1879e+05,0.008,0.489
10,36,5,9.1883e+05,-0.622,0.261
10,36,5,9.1887e+05,0.442,-0.537
10,36,5,9.1891e+05,-1.097,0.998
10,36,5,9.1894e+05,0.213,-0.136
10,36,5,9.1898e+05,0.146,-0.925
10,36,5,9.1902e+05,-0.802,1.71
10,36,5,9.1906e+05,1.366,-2.09
10,36,5,9.191e+05,-1.418,1.816
10,36,5,9.1914e+05,1.342,-1.947
10,36,5,9.1918e+05,-1.083,1.537
10,36,5,9.1922e+05,0.491,-0.386
10,36,5,9.1926e+05,0.193,-0.109
10,36,5,9.193e+05,0.055,0.253
10,36,5,9.1934e+05,0.376,-0.55
10,36,5,9.1937e+05,0.171,0.833
10,36,5,9.1941e+05,0.019,-0.553
10,36,5,9.1945e+05,0.856,0.18
10,36,5,9.1949e+05,-0.353,0.032
10,36,5,9.1953e+05,0.353,0.137
10,36,5,9.1957e+05,-0.021,-0.34
10,36,5,9.1961e+05,-0.364,0.448
10,36,5,9.1965e+05,0.252,-0.064
10,36,5,9.1969e+05,-0.559,-0.048
10,36,5,9.1973e+05,-0.039,-0.268
10,36,5,9.1976e+05,-0.205,-0.064
10,36,5,9.198e+05,-0.16,0.015
10,36,5,9.1984e+05,-0.132,-0.205
10,36,5,9.1988e+05,0.287,0.213
10,36,5,9.1992e+05,-0.092,0.112
10,36,5,9.1996e+05,1.055,-0.46
10,36,5,9.2e+05,0.041,0.592
10,36,5,9.2004e+05,-0.584,-0.507
10,36,5,9.2008e+05,0.253,-0.117
10,36,5,9.2012e+05,-0.627,0.746
10,36,5,9.2016e+05,0.834,-1.84
10,36,5,9.202e+05,-0.843,2.114
10,36,5,9.2023e+05,0.85,-1.519
10,36,5,9.2027e+05,-0.022,0.554
10,36,5,9.2031e+05,-0.256,0.215
10,36,5,9.2035e+05,0.195,-0.407
10,36,5,9.2039e+05,-0.59,0.995
10,36,5,9.2043e+05,-0.121,-0.646
10,36,5,9.2047e+05,0.288,-0.231
10,36,5,9.2051e+05,-0.339,0.659
10,36,5,9.2055e+05,0.479,-0.624
10,36,5,9.2058e+05,0.239,0.574
10,36,5,9.2062e+05,-0.168,-0.369
10,36,5,9.2066e+05,0.227,-0.171
10,36,5,9.207e+05,-0.397,0.725
10,36,5,9.2074e+05,0.372,-1.447
10,36,5,9.2078e+05,0.079,0.89
10,36,5,9.2082e+05,0.213,-0.19
10,36,5,9.2086e+05,0.46,-0.526
10,36,5,9.209e+05,-0.008,0.588
10,36,5,9.2094e+05,-0.146,-0.239
10,36,5,9.2098e+05,-0.326,0.75
10,36,5,9.2102e+05,-0.408,-0.257
10,36,5,9.2105e+05,0.025,-0.096
10,36,5,9.2109e+05,-0.028,0.203
10,36,5,9.2113e+05,0.185,0.017
10,36,5,9.2117e+05,0.536,-0.115
10,36,5,9.2121e+05,0.078,-0.269
10,36,5,9.2125e+05,0.127,-0.232
10,36,5,9.2129e+05,-0.361,0.548
10,36,5,9.2133e+05,0.292,-0.421
10,36,5,9.2137e+05,0.117,0.233
10,36,5,9.2141e+05,0.546,-0.555
10,36,5,9.2144e+05,0.122,0.333
10,36,5,9.2148e+05,0.194,-0.394
10,36,5,9.2152e+05,-0.309,0.14
10,36,5,9.2156e+05,-0.861,0.582
10,36,5,9.216e+05,-0.587,-0.241
10,36,5,9.2164e+05,-0.223,0.75
10,36,5,9.2168e+05,0.182,-0.245
10,36,5,9.2172e+05,0.057,0.679
10,36,5,9.2176e+05,0.753,-0.696
10,36,5,9.218e+05,-0.314,0.414
10,36,5,9.2184e+05,0.25,-0.554
10,36,5,9.2187e+05,-0.574,0.701
10,36,5,9.2191e+05,0.199,-0.748
10,36,5,9.2195e+05,-0.171,0.678
10,36,5,9.2199e+05,0.388,-0.514
10,36,5,9.2203e+05,0.086,-0.316
10,36,5,9.2207e+05,0.131,-0.502
10,36,5,9.2211e+05,-0.734,0.479
10,36,5,9.2215e+05,0.253,-0.637
10,36,5,9.2219e+05,-0.894,0.927
10,36,5,9.2223e+05,0.548,-0.902
10,36,5,9.2226e+05,-0.798,1.401
10,36,5,9.223e+05,1.094,-0.896
10,36,5,9.2234e+05,-0.279,0.779
10,36,5,9.2238e+05,0.613,-0.04
10,36,5,9.2242e+05,-0.174,0.125
10,36,5,9.2246e+05,0.55,0.1
10,36,5,9.225e+05,0.01,-0.063
10,36,5,9.2254e+05,0.364,-0.056
10,36,5,9.2258e+05,-0.145,-0.035
10,36,5,9.2262e+05,0.374,-0.199
10,36,5,9.2266e+05,0.069,-0.068
10,36,5,9.227e+05,-0.028,0.311
10,36,5,9.2273e+05,0.372,-0.646
10,36,5,9.2277e+05,-0.414,0.317
10,36,5,9.2281e+05,0.25,-0.866
10,36,5,9.2285e+05,-0.607,1.465
10,36,5,9.2289e+05,0.26,-1.128
10,36,5,9.2293e+05,-0.203,0.496
10,36,5,9.2297e+05,0.144,0.696
10,36,5,9.2301e+05,0.183,-0.816
10,36,5,9.2305e+05,-0.278,0.758
10,36,5,9.2308e+05,-0.001,-0.108
10,36,5,9.2312e+05,-0.305,-0.081
10,36,5,9.2316e+05,-0.537,0.548
10,36,5,9.232e+05,0.358,-0.361
10,36,5,9.2324e+05,-0.049,0.211
10,36,5,9.2328e+05,0.503,-0.375
10,36,5,9.2332e+05,0.047,0.058
10,36,5,9.2336e+05,-0.366,-0.019
10,36,5,9.234e+05,-0.412,-0.007
10,36,5,9.2344e+05,-0.236,0.76
10,36,5,9.2348e+05,0.045,0.036
10,36,5,9.2352e+05,0.149,-0.137
10,36,5,9.2355e+05,-0.153,0.516
10,36,5,9.2359e+05,1.301,-1.047
10,36,5,9.2363e+05,-0.724,0.382
10,36,5,9.2367e+05,0.506,-0.353
10,36,5,9.2371e+05,-1.039,0.39
10,36,5,9.2375e+05,-0.023,-0.145
10,36,5,9.2379e+05,-0.164,-0.016
10,36,5,9.2383e+05,-0.519,0.931
10,36,5,9.2387e+05,0.104,-0.004
10,36,5,9.2391e+05,0.172,-0.897
10,36,5,9.2394e+05,-1.055,1.108
10,36,5,9.2398e+05,0.062,-0.646
10,36,5,9.2402e+05,-0.385,0.186
10,36,5,9.2406e+05,-0.622,0.614
10,36,5,9.241e+05,0.682,-0.903
10,36,5,9.2414e+05,-0.482,1.813
10,36,5,9.2418e+05,1.129,-1.56
10,36,5,9.2422e+05,-0.072,1.032
10,36,5,9.2426e+05,-0.121,-0.218
10,36,5,9.243e+05,0.133,-0.018
10,36,5,9.2434e+05,0.02,-0.258
10,36,5,9.2437e+05,-0.471,0.606
10,36,5,9.2441e+05,0.663,-1.033
10,36,5,9.2445e+05,-0.997,0.91
10,36,5,9.2449e+05,0.954,-1.494
10,36,5,9.2453e+05,-1.145,1.964
10,36,5,9.2457e+05,0.436,-1.255
10,36,5,9.2461e+05,-0.679,1.322
10,36,5,9.2465e+05,0.814,-1.533
10,36,5,9.2469e+05,-0.575,1.808
10,36,5,9.2473e+05,1.285,-1.484
10,36,5,9.2476e+05,-1.061,0.853
10,36,5,9.248e+05,1.306,-1.073
10,36,5,9.2484e+05,-1.239,1.458
10,36,5,9.2488e+05,1.305,-1.404
10,36,5,9.2492e+05,-1.043,1.398
10,36,5,9.2496e+05,0.758,-1.026
10,36,5,9.25e+05,-0.537,0.717
10,36,5,9.2504e+05,0.483,-0.135
10,36,5,9.2508e+05,-0.304,-0.323
10,36,5,9.2512e+05,0.002,0.444
10,36,5,9.2516e+05,-0.393,0.065
10,36,5,9.252e+05,0.075,0.36
10,36,5,9.2523e+05,0.199,-0.711
10,36,5,9.2527e+05,-0.31,1.077
10,36,5,9.2531e+05,0.22,-1.152
10,36,5,9.2535e+05,-0.919,0.905
10,36,5,9.2539e+05,1.076,-0.71
10,36,5,9.2543e+05,-0.618,0.824
10,36,5,9.2547e+05,1.207,-1.094
10,36,5,9.2551e+05,-0.973,1.681
10,36,5,9.2555e+05,1.698,-2.081
10,36,5,9.2558e+05,-1.301,2.636
10,36,5,9.2562e+05,1,-2.196
10,36,5,9.2566e+05,-1.314,1.858
10,36,5,9.257e+05,0.937,-1.372
10,36,5,9.2574e+05,-1.058,1.334
10,36,5,9.2578e+05,0.546,-0.725
10,36,5,9.2582e+05,-0.688,-0.206
10,36,5,9.2586e+05,0.15,0.608
10,36,5,9.259e+05,-0.527,-0.555
10,36,5,9.2594e+05,0.099,0.273
10,36,5,9.2598e+05,-0.941,0.157
10,36,5,9.2602e+05,0.857,-0.652
10,36,5,9.2605e+05,-0.72,0.836
10,36,5,9.2609e+05,0.682,-0.91
10,36,5,9.2613e+05,-0.582,0.376
10,36,5,9.2617e+05,0.399,-0.289
10,36,5,9.2621e+05,-0.353,0.176
10,36,5,9.2625e+05,0.239,-0.13
10,36,5,9.2629e+05,-0.696,0.191
10,36,5,9.2633e+05,0.444,0.112
10,36,5,9.2637e+05,-0.289,-0.041
10,36,5,9.2641e+05,0.077,0.28
10,36,5,9.2644e+05,-0.038,0.082
10,36,5,9.2648e+05,-0.745,0.617
10,36,5,9.2652e+05,1.01,-1.752
10,36,5,9.2656e+05,-1.868,2.193
10,36,5,9.266e+05,1.067,-2.28
10,36,5,9.2664e+05,-1.677,2.505
10,36,5,9.2668e+05,0.977,-2.34
10,36,5,9.2672e+05,-1.142,1.75
10,36,5,9.2676e+05,0.453,-0.645
10,36,5,9.268e+05,-0.441,0.211
10,36,5,9.2684e+05,0.529,-0.519
10,36,5,9.2687e+05,-1.181,0.675
10,36,5,9.2691e+05,0.96,-1.22
10,36,5,9.2695e+05,-1.465,1.292
10,36,5,9.2699e+05,0.982,-1.327
10,36,5,9.2703e+05,-1.536,1.031
10,36,5,9.2707e+05,0.678,-0.442
10,36,5,9.2711e+05,-0.992,0.565
10,36,5,9.2715e+05,-0.254,-0.553
10,36,5,9.2719e+05,-0.659,-0.022
10,36,5,9.2723e+05,-0.581,0.564
10,36,5,9.2726e+05,-0.463,-0.542
10,36,5,9.273e+05,-0.066,0.29
10,36,5,9.2734e+05,-0.073,-0.636
10,36,5,9.2738e+05,0.024,0.63
10,36,5,9.2742e+05,0.044,-0.426
10,36,5,9.2746e+05,-0.326,0.358
10,36,5,9.275e+05,0.344,-0.785
10,36,5,9.2754e+05,-0.71,0.933
10,36,5,9.2758e+05,0.583,-0.816
10,36,5,9.2762e+05,-0.789,0.643
10,36,5,9.2766e+05,0.458,-0.987
10,36,5,9.277e+05,-0.628,1.011
10,36,5,9.2773e+05,-0.118,-0.457
10,36,5,9.2777e+05,-0.43,-0.115
10,36,5,9.2781e+05,-0.068,-0.019
10,36,5,9.2785e+05,-0.942,0.418
10,36,5,9.2789e+05,0.015,-0.438
10,36,5,9.2793e+05,-0.647,0.377
10,36,5,9.2797e+05,-0.357,0.017
10,36,5,9.2801e+05,-0.277,-0.01
10,36,5,9.2805e+05,-0.194,0.416
10,36,5,9.2808e+05,0.494,-0.886
10,36,5,9.2812e+05,-0.448,0.923
10,36,5,9.2816e+05,0.025,-0.84
10,36,5,9.282e+05,-0.477,0.592
10,36,5,9.2824e+05,-0.003,-0.685
10,36,5,9.2828e+05,-0.402,0.551
10,36,5,9.2832e+05,-0.116,0.066
10,36,5,9.2836e+05,-0.038,-0.483
10,36,5,9.284e+05,0.023,0.89
10,36,5,9.2844e+05,0.166,-0.467
10,36,5,9.2848e+05,-0.121,-0.068
10,36,5,9.2852e+05,-0.166,-0.088
10,36,5,9.2855e+05,-0.504,-0.147
10,36,5,9.2859e+05,-0.135,0.246
10,36,5,9.2863e+05,-0.456,0.173
10,36,5,9.2867e+05,0.026,-0.385
10,36,5,9.2871e+05,-0.306,0.502
10,36,5,9.2875e+05,-0.25,0.157
10,36,5,9.2879e+05,0.429,-0.652
10,36,5,9.2883e+05,-1.256,1.121
10,36,5,9.2887e+05,0.624,-1.379
10,36,5,9.2891e+05,-1.149,1.676
10,36,5,9.2894e+05,1.262,-1.964
10,36,5,9.2898e+05,-1.034,1.624
10,36,5,9.2902e+05,0.769,-1.373
10,36,5,9.2906e+05,-0.693,0.901
10,36,5,9.291e+05,1.01,-0.764
10,36,5,9.2914e+05,-0.833,0.401
10,36,5,9.2918e+05,0.37,-0.073
10,36,5,9.2922e+05,0.249,-0.414
10,36,5,9.2926e+05,0.266,0.281
10,36,5,9.293e+05,0.517,-0.372
10,36,5,9.2934e+05,-0.336,0.556
10,36,5,9.2937e+05,0.209,-0.665
10,36,5,9.2941e+05,-0.618,0.797
10,36,5,9.2945e+05,-0.52,-0.313
10,36,5,9.2949e+05,-0.06,0.531
10,36,5,9.2953e+05,-0.144,0.045
10,36,5,9.2957e+05,-0.086,-0.277
10,36,5,9.2961e+05,-0.069,0.227
10,36,5,9.2965e+05,-0.132,-0.048
10,36,5,9.2969e+05,-0.194,-0.262
10,36,5,9.2973e+05,-0.199,0.312
10,36,5,9.2976e+05,-0.25,0.006
10,36,5,9.298e+05,0.096,0.007
10,36,5,9.2984e+05,0.321,-0.216
10,36,5,9.2988e+05,-0.076,0.375
10,36,5,9.2992e+05,0.224,-0.034
10,36,5,9.2996e+05,-0.278,0.262
10,36,5,9.3e+05,0.188,-0.386
10,36,5,9.3004e+05,-0.461,0.406
10,36,5,9.3008e+05,0.242,-0.486
10,36,5,9.3012e+05,-0.598,0.384
10,36,5,9.3016e+05,0.343,-0.381
10,36,5,9.302e+05,-0.448,0.424
10,36,5,9.3023e+05,0.208,-0.635
10,36,5,9.3027e+05,-0.863,0.676
10,36,5,9.3031e+05,0.199,-0.322
10,36,5,9.3035e+05,-0.395,0.203
10,36,5,9.3039e+05,0.244,-0.303
10,36,5,9.3043e+05,-0.083,-0.086
10,36,5,9.3047e+05,-0.195,0.753
10,36,5,9.3051e+05,0.184,-0.773
10,36,5,9.3055e+05,-0.179,0.45
10,36,5,9.3058e+05,-0.641,0.277
10,36,5,9.3062e+05,0.034,-0.206
10,36,5,9.3066e+05,-0.428,0.712
10,36,5,9.307e+05,0.047,-0.601
10,36,5,9.3074e+05,0.019,0.068
10,36,5,9.3078e+05,-0.226,0.652
10,36,5,9.3082e+05,0.827,-0.77
10,36,5,9.3086e+05,-0.446,0.957
10,36,5,9.309e+05,0.915,-1.344
10,36,5,9.3094e+05,-0.954,1.145
10,36,5,9.3098e+05,0.525,-1.088
10,36,5,9.3102e+05,-0.074,0.661
10,36,5,9.3105e+05,0.611,-0.885
10,36,5,9.3109e+05,-0.441,1.077
10,36,5,9.3113e+05,0.855,-1.277
10,36,5,9.3117e+05,-0.897,0.962
10,36,5,9.3121e+05,1.178,-1.084
10,36,5,9.3125e+05,-1.213,1.552
10,36,5,9.3129e+05,0.763,-0.712
10,36,5,9.3133e+05,-0.245,-0.067
10,36,5,9.3137e+05,0.024,0.268
10,36,5,9.3141e+05,-0.073,-0.27
10,36,5,9.3144e+05,-0.6,0.39
10,36,5,9.3148e+05,0.041,-0.687
10,36,5,9.3152e+05,-0.465,0.485
10,36,5,9.3156e+05,-0.102,0.122
10,36,5,9.316e+05,0.275,-0.325
10,36,5,9.3164e+05,0.302,-0.113
10,36,5,9.3168e+05,0.125,0.414
10,36,5,9.3172e+05,0.28,-0.71
10,36,5,9.3176e+05,-0.206,0.54
10,36,5,9.318e+05,0.394,-0.859
10,36,5,9.3184e+05,-0.614,1.09
10,36,5,9.3187e+05,0.754,-1.036
10,36,5,9.3191e+05,-0.472,0.492
10,36,5,9.3195e+05,0.441,-0.327
10,36,5,9.3199e+05,-0.888,0.323
10,36,5,9.3203e+05,0.206,-0.111
10,36,5,9.3207e+05,-0.617,0.341
10,36,5,9.3211e+05,-0.104,0.382
10,36,5,9.3215e+05,0.214,-0.335
10,36,5,9.3219e+05,0.076,-0.056
10,36,5,9.3223e+05,-0.006,0.419
10,36,5,9.3226e+05,0.467,-0.572
10,36,5,9.323e+05,-0.638,0.561
10,36,5,9.3234e+05,0.478,-0.083
10,36,5,9.3238e+05,0.151,-0.079
10,36,5,9.3242e+05,-0.413,0.143
10,36,5,9.3246e+05,0.39,-0.304
10,36,5,9.325e+05,-0.293,-0.253
10,36,5,9.3254e+05,-0.724,0.585
10,36,5,9.3258e+05,0.659,-0.911
10,36,5,9.3262e+05,-1.229,0.411
10,36,5,9.3266e+05,0.378,-0.501
10,36,5,9.327e+05,-0.791,0.673
10,36,5,9.3273e+05,0.348,-0.681
10,36,5,9.3277e+05,-0.415,-0.119
10,36,5,9.3281e+05,-0.716,0.904
10,36,5,9.3285e+05,0.413,-0.77
10,36,5,9.3289e+05,-0.097,0.887
10,36,5,9.3293e+05,0.639,-0.745
10,36,5,9.3297e+05,0.164,0.454
10,36,5,9.3301e+05,0.069,-0.354
10,36,5,9.3305e+05,-0.195,-0.1
10,36,5,9.3308e+05,0.062,-0.526
10,36,5,9.3312e+05,-0.885,1.444
10,36,5,9.3316e+05,0.766,-1.557
10,36,5,9.332e+05,-1.07,1.287
10,36,5,9.3324e+05,1.331,-2.06
10,36,5,9.3328e+05,-1.527,1.711
10,36,5,9.3332e+05,0.692,-0.778
10,36,5,9.3336e+05,-0.928,0.312
10,36,5,9.334e+05,0.498,-0.534
10,36,5,9.3344e+05,-0.324,0.718
10,36,5,9.3348e+05,0.674,-0.842
10,36,5,9.3352e+05,-0.447,0.88
10,36,5,9.3355e+05,0.951,-1.022
10,36,5,9.3359e+05,-1.115,1.153
10,36,5,9.3363e+05,0.865,-0.672
10,36,5,9.3367e+05,-0.891,0.245
10,36,5,9.3371e+05,0.521,-0.166
10,36,5,9.3375e+05,-0.216,0.208
10,36,5,9.3379e+05,0.154,0.105
10,36,5,9.3383e+05,0.145,-0.709
10,36,5,9.3387e+05,-0.127,0.367
10,36,5,9.3391e+05,-0.037,-0.182
10,36,5,9.3394e+05,-0.303,0.535
10,36,5,9.3398e+05,0.123,-0.358
10,36,5,9.3402e+05,0.09,0.042
10,36,5,9.3406e+05,0.064,-0.016
10,36,5,9.341e+05,0.456,-0.326
10,36,5,9.3414e+05,0.019,-0.121
10,36,5,9.3418e+05,-0.129,0.451
10,36,5,9.3422e+05,0.091,-0.507
10,36,5,9.3426e+05,-0.482,0.598
10,36,5,9.343e+05,0.377,-0.113
10,36,5,9.3434e+05,0.089,0.032
10,36,5,9.3437e+05,-0.049,-0.022
10,36,5,9.3441e+05,0.598,0.022
10,36,5,9.3445e+05,-0.132,-0.535
10,36,5,9.3449e+05,-0.218,0.264
10,36,5,9.3453e+05,0.039,-0.253
10,36,5,9.3457e+05,-0.619,0.385
10,36,5,9.3461e+05,0.265,0.084
10,36,5,9.3465e+05,-0.128,-0.431
10,36,5,9.3469e+05,-0.405,0.538
10,36,5,9.3473e+05,0.259,-0.305
10,36,5,9.3476e+05,-0.627,0.287
10,36,5,9.348e+05,-0.038,-0.326
10,36,5,9.3484e+05,-0.611,0.215
10,36,5,9.3488e+05,-0.202,0.686
10,36,5,9.3492e+05,0.608,-1.161
10,36,5,9.3496e+05,-0.517,0.805
10,36,5,9.35e+05,0.124,-0.268
10,36,5,9.3504e+05,-0.398,0.129
10,36,5,9.3508e+05,0.408,-0.238
10,36,5,9.3512e+05,-0.021,0.177
10,36,5,9.3516e+05,0.138,0.232
10,36,5,9.352e+05,0.206,-0.062
10,36,5,9.3523e+05,0.323,-0.297
10,36,5,9.3527e+05,-0.194,0.123
10,36,5,9.3531e+05,-0.08,-0.201
10,36,5,9.3535e+05,-0.661,0.302
10,36,5,9.3539e+05,-0.145,-0.139
10,36,5,9.3543e+05,-0.105,-0.157
10,36,5,9.3547e+05,0.004,0.631
10,36,5,9.3551e+05,0.467,-0.856
10,36,5,9.3555e+05,-0.367,0.718
10,36,5,9.3558e+05,0.621,-0.755
10,36,5,9.3562e+05,0.053,0.331
10,36,5,9.3566e+05,0.185,0.002
10,36,5,9.357e+05,0.306,0.032
10,36,5,9.3574e+05,0.474,-0.471
10,36,5,9.3578e+05,-0.19,0.168
10,36,5,9.3582e+05,0.114,-0.185
10,36,5,9.3586e+05,-1.371,1.038
10,36,5,9.359e+05,0.361,-1.032
10,36,5,9.3594e+05,-0.835,0.869
10,36,5,9.3598e+05,-0.156,-0.518
10,36,5,9.3602e+05,-0.592,0.832
10,36,5,9.3605e+05,0.26,-0.871
10,36,5,9.3609e+05,-0.461,0.545
10,36,5,9.3613e+05,0.231,-0.361
10,36,5,9.3617e+05,-0.911,0.56
10,36,5,9.3621e+05,0.809,-0.509
10,36,5,9.3625e+05,-0.322,0.779
10,36,5,9.3629e+05,0.664,-0.609
10,36,5,9.3633e+05,-0.274,0.334
10,36,5,9.3637e+05,0.231,-0.148
10,36,5,9.3641e+05,-0.103,-0.026
10,36,5,9.3644e+05,-0.096,0.302
10,36,5,9.3648e+05,-0.41,0.232
10,36,5,9.3652e+05,0.218,-0.443
10,36,5,9.3656e+05,-0.155,-0.301
10,36,5,9.366e+05,-0.207,0.67
10,36,5,9.3664e+05,0.239,-0.814
10,36,5,9.3668e+05,-0.513,0.549
10,36,5,9.3672e+05,0.338,-0.758
10,36,5,9.3676e+05,-0.829,0.887
10,36,5,9.368e+05,0.117,-0.176
10,36,5,9.3684e+05,-0.106,-0.116
10,36,5,9.3687e+05,-0.058,0.013
10,36,5,9.3691e+05,0.212,0.58
10,36,5,9.3695e+05,0.139,-0.718
10,36,5,9.3699e+05,-0.097,0.248
10,36,5,9.3703e+05,-0.101,-0.427
10,36,5,9.3707e+05,-0.548,0.465
10,36,5,9.3711e+05,0.093,-0.155
10,36,5,9.3715e+05,0.077,0.118
10,36,5,9.3719e+05,0.597,-0.128
10,36,5,9.3723e+05,0.06,-0.104
10,36,5,9.3726e+05,0.348,-0.333
10,36,5,9.373e+05,-0.216,-0.236
10,36,5,9.3734e+05,0.092,0.318
10,36,5,9.3738e+05,-0.621,0.164
10,36,5,9.3742e+05,0.517,-0.781
10,36,5,9.3746e+05,-0.534,1.271
10,36,5,9.375e+05,0.103,-1.146
10,36,5,9.3754e+05,-0.931,1.193
10,36,5,9.3758e+05,-0.143,-0.132
10,36,5,9.3762e+05,-0.064,-0.915
10,36,5,9.3766e+05,-1.371,1.794
10,36,5,9.377e+05,1.21,-2.508
10,36,5,9.3773e+05,-1.144,2.292
10,36,5,9.3777e+05,1.528,-2.203
10,36,5,9.3781e+05,-1.114,1.412
10,36,5,9.3785e+05,0.387,-0.628
10,36,5,9.3789e+05,-0.279,-0.007
10,36,5,9.3793e+05,0.278,0.724
10,36,5,9.3797e+05,0.092,-0.586
10,36,5,9.3801e+05,0.789,-0.177
10,36,5,9.3805e+05,-0.409,0.036
10,36,5,9.3808e+05,0.609,-0.323
10,36,5,9.3812e+05,-0.501,0.457
10,36,5,9.3816e+05,-0.424,-0.252
10,36,5,9.382e+05,-0.03,0.092
10,36,5,9.3824e+05,-0.397,0.501
10,36,5,9.3828e+05,0.377,-0.831
10,36,5,9.3832e+05,-0.276,0.811
10,36,5,9.3836e+05,-0.05,-0.956
10,36,5,9.384e+05,0.004,0.894
10,36,5,9.3844e+05,-0.31,-0.508
10,36,5,9.3848e+05,0.004,0.204
10,36,5,9.3852e+05,0.235,-0.309
10,36,5,9.3855e+05,-0.503,0.502
10,36,5,9.3859e+05,0.342,-0.38
10,36,5,9.3863e+05,-0.607,0.487
10,36,5,9.3867e+05,0.292,-0.524
10,36,5,9.3871e+05,-0.632,1.102
10,36,5,9.3875e+05,0.741,-0.896
10,36,5,9.3879e+05,-0.349,0.225
10,36,5,9.3883e+05,0.88,-0.169
10,36,5,9.3887e+05,-0.613,0.492
10,36,5,9.3891e+05,0.579,-1.178
10,36,5,9.3894e+05,-1.04,0.735
10,36,5,9.3898e+05,0.404,-0.52
10,36,5,9.3902e+05,-0.797,1.132
10,36,5,9.3906e+05,0.832,-0.87
10,36,5,9.391e+05,-0.484,0.774
10,36,5,9.3914e+05,0.602,-0.958
10,36,5,9.3918e+05,-0.833,0.984
10,36,5,9.3922e+05,0.371,-0.737
10,36,5,9.3926e+05,-0.88,0.657
10,36,5,9.393e+05,0.26,-0.567
10,36,5,9.3934e+05,-0.411,0.344
10,36,5,9.3937e+05,0.323,-0.1
10,36,5,9.3941e+05,-0.518,-0.295
10,36,5,9.3945e+05,-0.118,0.147
10,36,5,9.3949e+05,-0.43,-0.219
10,36,5,9.3953e+05,-0.383,0.253
10,36,5,9.3957e+05,0.188,-0.253
10,36,5,9.3961e+05,0.28,0.34
10,36,5,9.3965e+05,0.892,-0.591
10,36,5,9.3969e+05,0.318,0.47
10,36,5,9.3973e+05,0.521,-0.565
10,36,5,9.3976e+05,-0.428,1.117
10,36,5,9.398e+05,0.667,-0.966
10,36,5,9.3984e+05,-0.643,1.161
10,36,5,9.3988e+05,0.461,-0.836
10,36,5,9.3992e+05,-0.612,0.98
10,36,5,9.3996e+05,0.719,-1.471
10,36,5,9.4e+05,-0.742,1.203
10,36,5,9.4004e+05,0.27,-0.795
10,36,5,9.4008e+05,-1.144,0.984
10,36,5,9.4012e+05,0.434,-1.049
10,36,5,9.4016e+05,-0.746,0.379
10,36,5,9.402e+05,0.341,-0.189
10,36,5,9.4023e+05,-0.255,-0.068
10,36,5,9.4027e+05,0.087,-0.237
10,36,5,9.4031e+05,0.057,-0.346
10,36,5,9.4035e+05,-0.403,0.522
10,36,5,9.4039e+05,0.046,-0.351
10,36,5,9.4043e+05,0.018,0.381
10,36,5,9.4047e+05,0.36,-0.355
10,36,5,9.4051e+05,0.075,0.528
10,36,5,9.4055e+05,0.532,-0.564
10,36,5,9.4058e+05,-0.162,0.312
10,36,5,9.4062e+05,0.518,-0.727
10,36,5,9.4066e+05,-1.012,1.173
10,36,5,9.407e+05,0.791,-1.083
10,36,5,9.4074e+05,-0.55,0.814
10,36,5,9.4078e+05,0.541,-0.772
10,36,5,9.4082e+05,-0.293,0.266
10,36,5,9.4086e+05,-0.137,0.296
10,36,5,9.409e+05,-0.092,-0.241
10,36,5,9.4094e+05,-0.218,0.099
10,36,5,9.4098e+05,-0.232,-0.44
10,36,5,9.4102e+05,-0.222,0.515
10,36,5,9.4105e+05,0.11,-0.382
10,36,5,9.4109e+05,0.012,-0.003
10,36,5,9.4113e+05,-0.11,-0.297
10,36,5,9.4117e+05,-0.382,0.855
10,36,5,9.4121e+05,0.23,-0.984
10,36,5,9.4125e+05,-0.722,1.36
10,36,5,9.4129e+05,0.868,-0.971
10,36,5,9.4133e+05,-0.232,0.712
10,36,5,9.4137e+05,1.05,-0.519
10,36,5,9.4141e+05,-0.26,0.287
10,36,5,9.4144e+05,0.518,-0.748
10,36,5,9.4148e+05,-0.583,0.746
10,36,5,9.4152e+05,-0.214,0.201
10,36,5,9.4156e+05,-0.41,0.574
10,36,5,9.416e+05,0.861,-1.123
10,36,5,9.4164e+05,-0.613,0.983
10,36,5,9.4168e+05,0.676,-0.901
10,36,5,9.4172e+05,-0.995,0.575
10,36,5,9.4176e+05,0.599,-1.26
10,36,5,9.418e+05,-0.66,0.967
10,36,5,9.4184e+05,0.494,-0.853
10,36,5,9.4187e+05,-0.313,0.402
10,36,5,9.4191e+05,0.665,-0.81
10,36,5,9.4195e+05,-0.589,0.772
10,36,5,9.4199e+05,0.691,-0.602
10,36,5,9.4203e+05,-1.201,0.498
10,36,5,9.4207e+05,1.143,-1.28
10,36,5,9.4211e+05,-0.743,1.284
10,36,5,9.4215e+05,1.418,-1.622
10,36,5,9.4219e+05,-0.626,1.192
10,36,5,9.4223e+05,0.923,-0.462
10,36,5,9.4226e+05,-0.3,0.526
10,36,5,9.423e+05,0.111,0.173
10,36,5,9.4234e+05,-0.271,0.283
10,36,5,9.4238e+05,0.277,0.363
10,36,5,9.4242e+05,0.324,-0.655
10,36,5,9.4246e+05,0.422,-0.164
10,36,5,9.425e+05,-0.524,0.303
10,36,5,9.4254e+05,0.168,-0.404
10,36,5,9.4258e+05,-0.427,-0.332
10,36,5,9.4262e+05,0.094,0.455
10,36,5,9.4266e+05,-0.121,-0.314
10,36,5,9.427e+05,-0.263,0.652
10,36,5,9.4273e+05,0.882,-0.917
10,36,5,9.4277e+05,-0.348,0.817
10,36,5,9.4281e+05,0.592,-0.476
10,36,5,9.4285e+05,-0.548,0.894
10,36,5,9.4289e+05,0.554,-1.136
10,36,5,9.4293e+05,-0.484,0.98
10,36,5,9.4297e+05,0.8,-0.58
10,36,5,9.4301e+05,-0.795,1.092
10,36,5,9.4305e+05,1.215,-1.291
10,36,5,9.4308e+05,-1.052,1.134
10,36,5,9.4312e+05,0.543,-0.795
10,36,5,9.4316e+05,-0.504,0.347
10,36,5,9.432e+05,0.012,0.236
10,36,5,9.4324e+05,0.14,-0.913
10,36,5,9.4328e+05,-0.262,0.764
10,36,5,9.4332e+05,0.546,-0.734
10,36,5,9.4336e+05,0.336,0.268
10,36,5,9.434e+05,-0.051,0.191
10,36,5,9.4344e+05,0.284,-0.286
10,36,5,9.4348e+05,-0.422,0.058
10,36,5,9.4352e+05,-0.166,0.228
10,36,5,9.4355e+05,-0.303,-0.137
10,36,5,9.4359e+05,-0.109,0.327
10,36,5,9.4363e+05,0.216,-0.107
10,36,5,9.4367e+05,0.066,0.237
10,36,5,9.4371e+05,0.045,-0.055
10,36,5,9.4375e+05,-0.098,0.245
10,36,5,9.4379e+05,-0.144,-0.197
10,36,5,9.4383e+05,-0.442,0.661
10,36,5,9.4387e+05,0.178,-0.723
10,36,5,9.4391e+05,-0.611,0.69
10,36,5,9.4394e+05,0.751,-1.116
10,36,5,9.4398e+05,-1.104,1.357
10,36,5,9.4402e+05,0.932,-1.838
10,36,5,9.4406e+05,-1.32,1.728
10,36,5,9.441e+05,1.119,-1.631
10,36,5,9.4414e+05,-1.494,1.782
10,36,5,9.4418e+05,1.574,-1.713
10,36,5,9.4422e+05,-0.78,1.405
10,36,5,9.4426e+05,1.209,-0.896
10,36,5,9.443e+05,-0.571,0.695
10,36,5,9.4434e+05,0.83,-0.743
10,36,5,9.4437e+05,-0.919,1.314
10,36,5,9.4441e+05,0.967,-0.96
10,36,5,9.4445e+05,-1.023,0.965
10,36,5,9.4449e+05,1.277,-0.893
10,36,5,9.4453e+05,-0.821,1.039
10,36,5,9.4457e+05,0.872,-0.594
10,36,5,9.4461e+05,-0.625,0.372
10,36,5,9.4465e+05,0.309,-0.366
10,36,5,9.4469e+05,-0.626,0.611
10,36,5,9.4473e+05,0.308,-0.734
10,36,5,9.4476e+05,-0.284,0.249
10,36,5,9.448e+05,0.091,-0.285
10,36,5,9.4484e+05,0.127,-0.101
10,36,5,9.4488e+05,-0.077,0.287
10,36,5,9.4492e+05,0.339,-0.665
10,36,5,9.4496e+05,-0.479,0.846
10,36,5,9.45e+05,0.216,-0.634
10,36,5,9.4504e+05,0.044,0.29
10,36,5,9.4508e+05,-0.117,0.049
10,36,5,9.4512e+05,0.264,-0.08
10,36,5,9.4516e+05,0.215,-0.195
10,36,5,9.452e+05,-0.371,0.625
10,36,5,9.4523e+05,0.486,-0.323
10,36,5,9.4527e+05,-0.968,1.012
10,36,5,9.4531e+05,0.376,-1.22
10,36,5,9.4535e+05,-0.627,0.77
10,36,5,9.4539e+05,-0.306,-0.069
10,36,5,9.4543e+05,0.335,-0.089
10,36,5,9.4547e+05,-0.293,0.089
10,36,5,9.4551e+05,0.614,-0.381
10,36,5,9.4555e+05,0.065,0.196
10,36,5,9.4558e+05,0.212,-0.054
10,36,5,9.4562e+05,0.435,-0.211
10,36,5,9.4566e+05,-0.535,0.267
10,36,5,9.457e+05,0.292,-0.299
10,36,5,9.4574e+05,-0.091,0.134
10,36,5,9.4578e+05,-0.015,0.024
10,36,5,9.4582e+05,0.624,-0.597
10,36,5,9.4586e+05,-0.772,1.219
10,36,5,9.459e+05,0.628,-0.789
10,36,5,9.4594e+05,-0.503,0.698
10,36,5,9.4598e+05,0.083,-0.183
10,36,5,9.4602e+05,-0.309,0.342
10,36,5,9.4605e+05,0.084,-0.271
10,36,5,9.4609e+05,0.234,-0.373
10,36,5,9.4613e+05,0.014,0.37
10,36,5,9.4617e+05,0.024,-0.367
10,36,5,9.4621e+05,0.526,-0.011
10,36,5,9.4625e+05,0.019,-0.534
10,36,5,9.4629e+05,0.127,0.166
10,36,5,9.4633e+05,-0.106,0.04
10,36,5,9.4637e+05,-0.194,0.313
10,36,5,9.4641e+05,0.692,-0.784
10,36,5,9.4644e+05,-0.863,0.98
10,36,5,9.4648e+05,0.564,-1.045
10,36,5,9.4652e+05,-0.816,0.604
10,36,5,9.4656e+05,0.142,-0.316
10,36,5,9.466e+05,-0.496,0.192
10,36,5,9.4664e+05,0.019,-0.171
10,36,5,9.4668e+05,0.105,0.052
10,36,5,9.4672e+05,-0.118,0.029
10,36,5,9.4676e+05,-0.279,0.331
10,36,5,9.468e+05,0.26,-0.539
10,36,5,9.4684e+05,-0.617,0.925
10,36,5,9.4687e+05,0.857,-0.586
10,36,5,9.4691e+05,-0.429,0.293
10,36,5,9.4695e+05,0.637,-1.19
10,36,5,9.4699e+05,-0.703,0.99
10,36,5,9.4703e+05,0.499,-0.643
10,36,5,9.4707e+05,-0.462,0.151
10,36,5,9.4711e+05,0.329,-0.634
10,36,5,9.4715e+05,-0.576,0.663
10,36,5,9.4719e+05,0.632,-0.896
10,36,5,9.4723e+05,-0.415,0.897
10,36,5,9.4726e+05,0.763,-1.122
10,36,5,9.473e+05,-1.132,1.198
10,36,5,9.4734e+05,0.709,-1.033
10,36,5,9.4738e+05,-0.572,0.541
10,36,5,9.4742e+05,0.519,-0.24
10,36,5,9.4746e+05,-0.446,0.27
10,36,5,9.475e+05,-0.382,0.49
10,36,5,9.4754e+05,0.096,-1.041
10,36,5,9.4758e+05,-0.323,0.506
10,36,5,9.4762e+05,-0.354,0.187
10,36,5,9.4766e+05,0.143,0.046
10,36,5,9.477e+05,-0.248,-0.101
10,36,5,9.4773e+05,0.281,-0.515
10,36,5,9.4777e+05,-0.493,0.515
10,36,5,9.4781e+05,0.123,-0.456
10,36,5,9.4785e+05,0.079,-0.388
10,36,5,9.4789e+05,-0.216,0.319
10,36,5,9.4793e+05,0.055,-0.31
10,36,5,9.4797e+05,0.231,-0.134
10,36,5,9.4801e+05,-0.163,0.191
10,36,5,9.4805e+05,0.281,-0.322
10,36,5,9.4808e+05,-0.316,0.544
10,36,5,9.4812e+05,0.597,-0.809
10,36,5,9.4816e+05,-0.193,0.807
10,36,5,9.482e+05,0.344,-0.306
10,36,5,9.4824e+05,-0.059,-0.106
10,36,5,9.4828e+05,0.011,-0.024
10,36,5,9.4832e+05,-0.192,0.379
10,36,5,9.4836e+05,-0.149,0.021
10,36,5,9.484e+05,0.355,-0.564
10,36,5,9.4844e+05,0.055,0.214
10,36,5,9.4848e+05,-0.12,-0.301
10,36,5,9.4852e+05,0.1,0.528
10,36,5,9.4855e+05,0.458,-0.873
10,36,5,9.4859e+05,0.283,-0.064
10,36,5,9.4863e+05,-0.003,0.339
10,36,5,9.4867e+05,0.25,-0.353
10,36,5,9.4871e+05,-0.144,0.367
10,36,5,9.4875e+05,0.269,-0.644
10,36,5,9.4879e+05,-0.577,1.056
10,36,5,9.4883e+05,0.483,-0.779
10,36,5,9.4887e+05,-0.111,0.219
10,36,5,9.4891e+05,0.43,-0.021
10,36,5,9.4894e+05,-0.644,0.208
10,36,5,9.4898e+05,0.291,-0.139
10,36,5,9.4902e+05,-0.559,0.615
10,36,5,9.4906e+05,0.457,-0.412
10,36,5,9.491e+05,-0.656,0.763
10,36,5,9.4914e+05,0.458,-0.382
10,36,5,9.4918e+05,-0.012,0.18
10,36,5,9.4922e+05,0.552,-0.217
10,36,5,9.4926e+05,-0.163,-0.184
10,36,5,9.493e+05,0.023,0.226
10,36,5,9.4934e+05,0.216,-0.604
10,36,5,9.4937e+05,-0.813,1.308
10,36,5,9.4941e+05,0.94,-1.085
10,36,5,9.4945e+05,-0.851,0.759
10,36,5,9.4949e+05,0.292,-0.327
10,36,5,9.4953e+05,-0.284,0.606
10,36,5,9.4957e+05,-0.277,-0.658
10,36,5,9.4961e+05,-0.092,0.665
10,36,5,9.4965e+05,0.013,-0.677
10,36,5,9.4969e+05,-0.415,1.42
10,36,5,9.4973e+05,1.258,-1.513
10,36,5,9.4976e+05,-0.533,1.196
10,36,5,9.498e+05,0.728,-0.611
10,36,5,9.4984e+05,-0.71,0.551
10,36,5,9.4988e+05,0.233,-0.235
10,36,5,9.4992e+05,-0.008,-0.184
10,36,5,9.4996e+05,-0.357,0.509
10,36,5,9.5e+05,0.071,-0.612
10,36,5,9.5004e+05,-0.136,0.189
10,36,5,9.5008e+05,-0.303,0.137
10,36,5,9.5012e+05,0.049,0.345
10,36,5,9.5016e+05,-0.629,-0.2
10,36,5,9.502e+05,0.433,-0.679
10,36,5,9.5023e+05,-0.803,0.638
10,36,5,9.5027e+05,0.534,-0.251
10,36,5,9.5031e+05,-0.066,0.158
10,36,5,9.5035e+05,0.51,-0.247
10,36,5,9.5039e+05,-0.078,0.761
10,36,5,9.5043e+05,0.627,-0.386
10,36,5,9.5047e+05,-0.532,0.48
10,36,5,9.5051e+05,-0.138,0.148
10,36,5,9.5055e+05,-0.839,0.508
10,36,5,9.5058e+05,0.419,-0.377
10,36,5,9.5062e+05,-0.079,-0.19
10,36,5,9.5066e+05,-0.367,0.422
10,36,5,9.507e+05,0.498,-0.931
10,36,5,9.5074e+05,-1.205,1.17
10,36,5,9.5078e+05,1.018,-1.405
10,36,5,9.5082e+05,-1.367,1.333
10,36,5,9.5086e+05,0.731,-0.809
10,36,5,9.509e+05,0.367,0.192
10,36,5,9.5094e+05,-0.022,-0.596
10,36,5,9.5098e+05,0.668,0.216
10,36,5,9.5102e+05,-0.204,-0.297
10,36,5,9.5105e+05,-0.408,0.503
10,36,5,9.5109e+05,0.601,-0.687
10,36,5,9.5113e+05,-1.404,1.338
10,36,5,9.5117e+05,1.349,-1.322
10,36,5,9.5121e+05,-0.997,1.059
10,36,5,9.5125e+05,0.548,-0.297
10,36,5,9.5129e+05,-0.293,0.224
10,36,5,9.5133e+05,-0.204,-0.224
10,36,5,9.5137e+05,-0.365,0.564
10,36,5,9.5141e+05,0.258,-0.666
10,36,5,9.5144e+05,-0.563,1.025
10,36,5,9.5148e+05,1.57,-1.611
10,36,5,9.5152e+05,-0.988,1.491
10,36,5,9.5156e+05,1.283,-1.513
10,36,5,9.516e+05,-1.183,1.271
10,36,5,9.5164e+05,0.522,-0.892
10,36,5,9.5168e+05,-0.206,0.326
10,36,5,9.5172e+05,0.179,-0.007
10,36,5,9.5176e+05,-0.001,-0.3
10,36,5,9.518e+05,0.466,-0.107
10,36,5,9.5184e+05,-0.425,0.136
10,36,5,9.5187e+05,0.82,-0.148
10,36,5,9.5191e+05,-0.917,0.321
10,36,5,9.5195e+05,0.216,-0.077
10,36,5,9.5199e+05,-0.1,0.051
10,36,5,9.5203e+05,-0.328,0.537
10,36,5,9.5207e+05,0.988,-0.81
10,36,5,9.5211e+05,-0.629,0.456
10,36,5,9.5215e+05,0.55,-0.857
10,36,5,9.5219e+05,-0.348,0.64
10,36,5,9.5223e+05,0.032,-0.66
10,36,5,9.5226e+05,-0.023,0.431
10,36,5,9.523e+05,-0.185,0.036
10,36,5,9.5234e+05,0.531,-0.36
10,36,5,9.5238e+05,0.411,-0.127
10,36,5,9.5242e+05,-0.229,0.33
10,36,5,9.5246e+05,0.571,-0.651
10,36,5,9.525e+05,-0.836,0.842
10,36,5,9.5254e+05,0.635,-1.168
10,36,5,9.5258e+05,-0.947,1.241
10,36,5,9.5262e+05,0.58,-0.883
10,36,5,9.5266e+05,-0.361,0.424
10,36,5,9.527e+05,0.437,-0.23
10,36,5,9.5273e+05,-0.191,-0.097
10,36,5,9.5277e+05,-0.149,-0.094
10,36,5,9.5281e+05,-0.301,0.503
10,36,5,9.5285e+05,0.195,0.028
10,36,5,9.5289e+05,-0.521,0.466
10,36,5,9.5293e+05,0.273,-0.602
10,36,5,9.5297e+05,0.018,0.024
10,36,5,9.5301e+05,0.281,0.09
10,36,5,9.5305e+05,0.73,-0.323
10,36,5,9.5308e+05,-0.189,0.216
10,36,5,9.5312e+05,0.818,-0.726
10,36,5,9.5316e+05,-0.26,0.827
10,36,5,9.532e+05,0.251,-0.485
10,36,5,9.5324e+05,-0.167,0.799
10,36,5,9.5328e+05,-0.083,-0.728
10,36,5,9.5332e+05,-0.48,0.493
10,36,5,9.5336e+05,0.455,-0.803
10,36,5,9.534e+05,-0.827,1.117
10,36,5,9.5344e+05,1.151,-1.697
10,36,5,9.5348e+05,-1.524,1.809
10,36,5,9.5352e+05,0.555,-0.863
10,36,5,9.5355e+05,-0.942,0.744
10,36,5,9.5359e+05,0.283,-0.388
10,36,5,9.5363e+05,-0.128,0.283
10,36,5,9.5367e+05,0.083,0.128
10,36,5,9.5371e+05,0.51,-0.641
10,36,5,9.5375e+05,0.271,0.1
10,36,5,9.5379e+05,-0.37,0.227
10,36,5,9.5383e+05,0.187,-0.337
10,36,5,9.5387e+05,-0.417,0.384
10,36,5,9.5391e+05,0.446,-0.041
10,36,5,9.5394e+05,-0.211,0.175
10,36,5,9.5398e+05,0.116,-0.598
10,36,5,9.5402e+05,-0.064,0.196
10,36,5,9.5406e+05,-0.134,0.107
10,36,5,9.541e+05,-0.053,-0.546
10,36,5,9.5414e+05,-0.26,0.626
10,36,5,9.5418e+05,0.196,-0.425
10,36,5,9.5422e+05,0.185,0.448
10,36,5,9.5426e+05,-0.139,0.106
10,36,5,9.543e+05,0.31,-0.127
10,36,5,9.5434e+05,-0.601,0.258
10,36,5,9.5437e+05,-0.084,-0.04
10,36,5,9.5441e+05,-0.257,0.33
10,36,5,9.5445e+05,-0.477,-0.091
10,36,5,9.5449e+05,0.9,-0.52
10,36,5,9.5453e+05,-0.4,0.974
10,36,5,9.5457e+05,0.625,-1.512
10,36,5,9.5461e+05,-0.436,0.943
10,36,5,9.5465e+05,0.266,-0.443
10,36,5,9.5469e+05,-0.158,0.124
10,36,5,9.5473e+05,0.103,0.325
10,36,5,9.5476e+05,0.043,-0.959
10,36,5,9.548e+05,0.12,0.492
10,36,5,9.5484e+05,0.01,0.401
10,36,5,9.5488e+05,0.316,-0.832
10,36,5,9.5492e+05,-0.441,0.968
10,36,5,9.5496e+05,0.13,-0.565
10,36,5,9.55e+05,0.168,0.138
10,36,5,9.5504e+05,0.15,0.348
10,36,5,9.5508e+05,0.612,-0.595
10,36,5,9.5512e+05,0.125,0.583
10,36,5,9.5516e+05,0.491,-0.6
10,36,5,9.552e+05,-0.062,0.387
10,36,5,9.5523e+05,0.242,-0.592
10,36,5,9.5527e+05,-0.496,0.728
10,36,5,9.5531e+05,0.475,-0.312
10,36,5,9.5535e+05,-0.16,0.053
10,36,5,9.5539e+05,0.53,-0.351
10,36,5,9.5543e+05,-0.067,0.134
10,36,5,9.5547e+05,-0.084,-0.051
10,36,5,9.5551e+05,-0.21,-0.017
10,36,5,9.5555e+05,-0.106,0.272
10,36,5,9.5558e+05,0.075,-0.083
10,36,5,9.5562e+05,0.137,-0.085
10,36,5,9.5566e+05,0.607,0.411
10,36,5,9.557e+05,0.22,-0.542
10,36,5,9.5574e+05,0.262,-0.102
10,36,5,9.5578e+05,-0.411,0.294
10,36,5,9.5582e+05,0.074,-0.087
10,36,5,9.5586e+05,-0.375,0.655
10,36,5,9.559e+05,0.267,-0.398
10,36,5,9.5594e+05,0.421,-0.256
10,36,5,9.5598e+05,-0.4,0.96
10,36,5,9.5602e+05,1.198,-1.757
10,36,5,9.5605e+05,-1.657,1.943
10,36,5,9.5609e+05,0.705,-1.731
10,36,5,9.5613e+05,-1.126,1.529
10,36,5,9.5617e+05,0.387,-0.851
10,36,5,9.5621e+05,0.278,0.356
10,36,5,9.5625e+05,0.47,-0.085
10,36,5,9.5629e+05,0.361,-0.657
10,36,5,9.5633e+05,-0.016,0.424
10,36,5,9.5637e+05,-0.646,0.052
10,36,5,9.5641e+05,0.234,-0.467
10,36,5,9.5644e+05,-0.868,1.162
10,36,5,9.5648e+05,0.561,-0.605
10,36,5,9.5652e+05,0.02,-0.103
10,36,5,9.5656e+05,0.404,0.31
10,36,5,9.566e+05,-0.513,0.067
10,36,5,9.5664e+05,-0.401,-0.553
10,36,5,9.5668e+05,-0.624,1.328
10,36,5,9.5672e+05,0.206,-1.491
10,36,5,9.5676e+05,-0.663,1.615
10,36,5,9.568e+05,1.446,-1.457
10,36,5,9.5684e+05,-0.753,1.162
10,36,5,9.5687e+05,1.444,-0.894
10,36,5,9.5691e+05,-0.884,0.306
10,36,5,9.5695e+05,-0.18,0.303
10,36,5,9.5699e+05,0.519,-1.139
10,36,5,9.5703e+05,-0.822,1.769
10,36,5,9.5707e+05,1.506,-2.238
10,36,5,9.5711e+05,-0.74,1.869
10,36,5,9.5715e+05,0.742,-1.368
10,36,5,9.5719e+05,-0.179,1.012
10,36,5,9.5723e+05,-0.426,0.01
10,36,5,9.5726e+05,-0.023,0.189
10,36,5,9.573e+05,0.168,-0.199
10,36,5,9.5734e+05,-0.142,0.708
10,36,5,9.5738e+05,0.86,-1.194
10,36,5,9.5742e+05,-0.461,1.489
10,36,5,9.5746e+05,0.839,-1.556
10,36,5,9.575e+05,-1.231,1.275
10,36,5,9.5754e+05,1.015,-1.482
10,36,5,9.5758e+05,-1.176,1.37
10,36,5,9.5762e+05,0.931,-0.829
10,36,5,9.5766e+05,-0.904,0.997
10,36,5,9.577e+05,1.296,-0.799
10,36,5,9.5773e+05,-0.502,0.722
10,36,5,9.5777e+05,0.351,-0.525
10,36,5,9.5781e+05,-0.09,0.113
10,36,5,9.5785e+05,-0.668,0.151
10,36,5,9.5789e+05,0.23,-0.127
10,36,5,9.5793e+05,-0.17,0.713
10,36,5,9.5797e+05,-0.088,-0.276
10,36,5,9.5801e+05,0.918,-0.13
10,36,5,9.5805e+05,-0.734,0.096
10,36,5,9.5808e+05,0.984,-0.532
10,36,5,9.5812e+05,-0.738,0.432
10,36,5,9.5816e+05,0.288,-0.575
10,36,5,9.582e+05,-0.544,1.202
10,36,5,9.5824e+05,0.03,-0.604
10,36,5,9.5828e+05,0.191,0.348
10,36,5,9.5832e+05,0.31,-0.366
10,36,5,9.5836e+05,-0.315,0.505
10,36,5,9.584e+05,0.472,-0.266
10,36,5,9.5844e+05,-0.328,-0.009
10,36,5,9.5848e+05,0.365,-0.108
10,36,5,9.5852e+05,-0.505,0.617
10,36,5,9.5855e+05,0.795,-0.696
10,36,5,9.5859e+05,-0.334,0.679
10,36,5,9.5863e+05,0.992,-0.952
10,36,5,9.5867e+05,-0.796,0.989
10,36,5,9.5871e+05,0.432,-0.52
10,36,5,9.5875e+05,-0.716,0.376
10,36,5,9.5879e+05,-0.181,0.023
10,36,5,9.5883e+05,-0.025,0.232
10,36,5,9.5887e+05,0.255,-0.149
10,36,5,9.5891e+05,-0.03,0.066
10,36,5,9.5894e+05,0.555,-0.158
10,36,5,9.5898e+05,-0.481,0.257
10,36,5,9.5902e+05,0.179,-0.078
10,36,5,9.5906e+05,0.05,-0.032
10,36,5,9.591e+05,-0.666,0.833
10,36,5,9.5914e+05,0.557,-0.7
10,36,5,9.5918e+05,0.01,0.053
10,36,5,9.5922e+05,-0.09,0.367
10,36,5,9.5926e+05,0.491,-1.011
10,36,5,9.593e+05,-1.013,1.277
10,36,5,9.5934e+05,0.546,-1.143
10,36,5,9.5937e+05,-1.079,0.781
10,36,5,9.5941e+05,0.541,-0.248
10,36,5,9.5945e+05,-0.034,-0.061
10,36,5,9.5949e+05,0.101,0.254
10,36,5,9.5953e+05,0.595,-0.357
10,36,5,9.5957e+05,-0.411,0.068
10,36,5,9.5961e+05,-0.137,0.36
10,36,5,9.5965e+05,-0.097,-0.075
10,36,5,9.5969e+05,-0.29,0.107
10,36,5,9.5973e+05,0.326,0.003
10,36,5,9.5976e+05,0.135,-0.537
10,36,5,9.598e+05,-0.272,0.805
10,36,5,9.5984e+05,0.363,-0.393
10,36,5,9.5988e+05,-0.522,0.177
10,36,5,9.5992e+05,-0.254,-0.034
10,36,5,9.5996e+05,-0.024,-0.103
10,36,5,9.6e+05,-0.161,0.577
10,36,5,9.6004e+05,0.394,-0.786
10,36,5,9.6008e+05,-0.583,0.541
10,36,5,9.6012e+05,0.014,-0.233
10,36,5,9.6016e+05,-0.407,0.201
10,36,5,9.602e+05,0.18,-0.544
10,36,5,9.6023e+05,-0.31,0.405
10,36,5,9.6027e+05,0.553,-0.407
10,36,5,9.6031e+05,-0.082,0.686
10,36,5,9.6035e+05,0.605,-1.276
10,36,5,9.6039e+05,-1.151,1.902
10,36,5,9.6043e+05,0.844,-1.594
10,36,5,9.6047e+05,-1.305,1.31
10,36,5,9.6051e+05,1.143,-1.023
10,36,5,9.6055e+05,-1.209,1.382
10,36,5,9.6058e+05,1.681,-1.603
10,36,5,9.6062e+05,-0.972,1.337
10,36,5,9.6066e+05,0.773,-1.38
10,36,5,9.607e+05,-1.208,1.012
10,36,5,9.6074e+05,0.784,-0.832
10,36,5,9.6078e+05,-0.892,1.207
10,36,5,9.6082e+05,0.874,-1.052
10,36,5,9.6086e+05,-1.147,0.912
10,36,5,9.609e+05,1.386,-0.569
10,36,5,9.6094e+05,-1.481,0.812
10,36,5,9.6098e+05,1.038,-1.081
10,36,5,9.6102e+05,-1.142,1.049
10,36,5,9.6105e+05,0.666,-1.06
10,36,5,9.6109e+05,-0.02,0.562
10,36,5,9.6113e+05,0.411,0.089
10,36,5,9.6117e+05,0.13,-0.9
10,36,5,9.6121e+05,0.138,1.338
10,36,5,9.6125e+05,0.535,-1.594
10,36,5,9.6129e+05,-0.202,1.334
10,36,5,9.6133e+05,0.769,-0.963
10,36,5,9.6137e+05,-0.529,0.956
10,36,5,9.6141e+05,0.604,-0.947
10,36,5,9.6144e+05,-0.397,0.785
10,36,5,9.6148e+05,0.439,-0.508
10,36,5,9.6152e+05,-0.348,0.774
10,36,5,9.6156e+05,0.286,-0.902
10,36,5,9.616e+05,-0.403,0.739
10,36,5,9.6164e+05,0.526,-0.204
10,36,5,9.6168e+05,-0.075,-0.058
10,36,5,9.6172e+05,-0.076,-0.241
10,36,5,9.6176e+05,-0.413,-0.081
10,36,5,9.618e+05,-0.036,0.396
10,36,5,9.6184e+05,-0.168,0.212
10,36,5,9.6187e+05,0.189,-0.255
10,36,5,9.6191e+05,-0.337,0.212
10,36,5,9.6195e+05,0.142,-0.172
10,36,5,9.6199e+05,-0.253,0.152
10,36,5,9.6203e+05,0.15,0.06
10,36,5,9.6207e+05,-0.331,0.298
10,36,5,9.6211e+05,0.295,-0.675
10,36,5,9.6215e+05,-0.302,0.622
10,36,5,9.6219e+05,0.377,0.371
10,36,5,9.6223e+05,0.385,-0.208
10,36,5,9.6226e+05,-0.234,-0.051
10,36,5,9.623e+05,0.156,-0.173
10,36,5,9.6234e+05,-0.386,0.281
10,36,5,9.6238e+05,-0.146,0.136
10,36,5,9.6242e+05,-0.202,-0.056
10,36,5,9.6246e+05,-0.32,0.54
10,36,5,9.625e+05,-0.179,-0.184
10,36,5,9.6254e+05,0.282,-0.576
10,36,5,9.6258e+05,-0.79,1.219
10,36,5,9.6262e+05,-0.028,-0.612
10,36,5,9.6266e+05,-0.762,0.518
10,36,5,9.627e+05,0.07,-0.512
10,36,5,9.6273e+05,-0.881,0.75
10,36,5,9.6277e+05,0.313,-0.821
10,36,5,9.6281e+05,-0.983,1.529
10,36,5,9.6285e+05,0.372,-1.56
10,36,5,9.6289e+05,-0.608,1.109
10,36,5,9.6293e+05,0.443,0.09
10,36,5,9.6297e+05,0.226,-1.015
10,36,5,9.6301e+05,-0.712,1.049
10,36,5,9.6305e+05,0.455,-1.284
10,36,5,9.6308e+05,-1.328,1.406
10,36,5,9.6312e+05,0.032,-0.377
10,36,5,9.6316e+05,-0.154,-0.313
10,36,5,9.632e+05,-0.962,1.034
10,36,5,9.6324e+05,0.954,-1.496
10,36,5,9.6328e+05,-0.897,1.621
10,36,5,9.6332e+05,0.011,-1.308
10,36,5,9.6336e+05,-0.614,0.381
10,36,5,9.634e+05,-0.889,0.444
10,36,5,9.6344e+05,0.202,-0.98
10,36,5,9.6348e+05,-0.581,0.865
10,36,5,9.6352e+05,-0.339,0.474
10,36,5,9.6355e+05,0.316,-1.071
10,36,5,9.6359e+05,-0.238,0.816
10,36,5,9.6363e+05,-0.8,0.044
10,36,5,9.6367e+05,0.203,-0.605
10,36,5,9.6371e+05,-0.751,1.08
10,36,5,9.6375e+05,0.51,-1.305
10,36,5,9.6379e+05,-0.267,0.852
10,36,5,9.6383e+05,-0.142,0.301
10,36,5,9.6387e+05,0.914,-1.334
10,36,5,9.6391e+05,-1.365,2.094
10,36,5,9.6394e+05,0.961,-2.008
10,36,5,9.6398e+05,-1.639,1.958
10,36,5,9.6402e+05,0.762,-1.15
10,36,5,9.6406e+05,-0.606,0.989
10,36,5,9.641e+05,0.024,-0.829
10,36,5,9.6414e+05,-0.434,0.289
10,36,5,9.6418e+05,0.038,0.153
10,36,5,9.6422e+05,-0.581,-0.245
10,36,5,9.6426e+05,-0.247,0.575
10,36,5,9.643e+05,-0.535,-0.393
10,36,5,9.6434e+05,-0.297,0.369
10,36,5,9.6437e+05,0.284,-0.427
10,36,5,9.6441e+05,0.026,0.49
10,36,5,9.6445e+05,0.07,-0.35
10,36,5,9.6449e+05,0.035,0.062
10,36,5,9.6453e+05,-0.108,-0.151
10,36,5,9.6457e+05,0.119,-0.007
10,36,5,9.6461e+05,-0.057,0.224
10,36,5,9.6465e+05,-0.152,-0.337
10,36,5,9.6469e+05,0.17,-0.123
10,36,5,9.6473e+05,0.075,0.164
10,36,5,9.6476e+05,-0.406,-0.068
10,36,5,9.648e+05,0.037,0.358
10,36,5,9.6484e+05,-0.582,-0.069
10,36,5,9.6488e+05,-0.12,-0.261
10,36,5,9.6492e+05,-0.192,0.987
10,36,5,9.6496e+05,0.081,-0.913
10,36,5,9.65e+05,-0.386,0.665
10,36,5,9.6504e+05,0.569,-0.691
10,36,5,9.6508e+05,-0.95,0.637
10,36,5,9.6512e+05,0.277,-0.238
10,36,5,9.6516e+05,-0.741,0.122
10,36,5,9.652e+05,0.329,-0.347
10,36,5,9.6523e+05,-0.049,0.248
10,36,5,9.6527e+05,-0.133,0.547
10,36,5,9.6531e+05,0.781,-1.216
10,36,5,9.6535e+05,-0.229,0.684
10,36,5,9.6539e+05,0.466,-0.793
10,36,5,9.6543e+05,-0.637,0.941
10,36,5,9.6547e+05,0.604,-0.668
10,36,5,9.6551e+05,-0.9,0.829
10,36,5,9.6555e+05,0.573,-1.008
10,36,5,9.6558e+05,-0.629,1.075
10,36,5,9.6562e+05,0.407,-1.296
10,36,5,9.6566e+05,-0.594,1.037
10,36,5,9.657e+05,0.037,-0.685
10,36,5,9.6574e+05,-0.653,0.311
10,36,5,9.6578e+05,0.024,0.332
10,36,5,9.6582e+05,-0.261,-0.547
10,36,5,9.6586e+05,0.367,0.432
10,36,5,9.659e+05,-0.121,-0.236
10,36,5,9.6594e+05,0.635,-0.812
10,36,5,9.6598e+05,-0.48,0.648
10,36,5,9.6602e+05,0.147,-0.619
10,36,5,9.6605e+05,-0.398,0.587
10,36,5,9.6609e+05,0.178,-0.217
10,36,5,9.6613e+05,-0.142,-0.032
10,36,5,9.6617e+05,0.328,0.224
10,36,5,9.6621e+05,-0.008,-0.317
10,36,5,9.6625e+05,-0.083,0.272
10,36,5,9.6629e+05,-0.215,-0.326
10,36,5,9.6633e+05,-0.096,0.076
10,36,5,9.6637e+05,-0.205,0.055
10,36,5,9.6641e+05,-0.236,-0.049
10,36,5,9.6644e+05,0.018,0.016
10,36,5,9.6648e+05,-0.226,-0.123
10,36,5,9.6652e+05,-0.236,0.511
10,36,5,9.6656e+05,0.262,-0.345
10,36,5,9.666e+05,-0.391,-0.086
10,36,5,9.6664e+05,-0.018,0.254
10,36,5,9.6668e+05,-0.101,-0.408
10,36,5,9.6672e+05,-0.359,0.572
10,36,5,9.6676e+05,0.414,-0.937
10,36,5,9.668e+05,-0.357,0.754
10,36,5,9.6684e+05,0.18,-0.014
10,36,5,9.6687e+05,0.057,-0.154
10,36,5,9.6691e+05,0.031,0.136
10,36,5,9.6695e+05,0.248,-0.575
10,36,5,9.6699e+05,-0.433,0.942
10,36,5,9.6703e+05,0.28,-0.797
10,36,5,9.6707e+05,-0.332,0.093
10,36,5,9.6711e+05,0.004,0.01
10,36,5,9.6715e+05,-0.298,0.334
10,36,5,9.6719e+05,-0.174,-0.33
10,36,5,9.6723e+05,-0.761,0.447
10,36,5,9.6726e+05,0.044,-0.581
10,36,5,9.673e+05,-1.016,0.867
10,36,5,9.6734e+05,0.44,-0.778
10,36,5,9.6738e+05,-0.722,0.53
10,36,5,9.6742e+05,0.87,-0.692
10,36,5,9.6746e+05,-0.308,0.357
10,36,5,9.675e+05,0.615,-0.7
10,36,5,9.6754e+05,-0.292,0.685
10,36,5,9.6758e+05,-0.038,-0.281
10,36,5,9.6762e+05,0.351,-0.338
10,36,5,9.6766e+05,-0.455,0.966
10,36,5,9.677e+05,0.644,-1.247
10,36,5,9.6773e+05,-0.984,1.574
10,36,5,9.6777e+05,0.981,-1.728
10,36,5,9.6781e+05,-1.153,1.668
10,36,5,9.6785e+05,0.792,-1.401
10,36,5,9.6789e+05,-0.626,0.892
10,36,5,9.6793e+05,1.241,-1.112
10,36,5,9.6797e+05,-0.69,0.936
10,36,5,9.6801e+05,0.536,-0.548
10,36,5,9.6805e+05,-0.607,0.106
10,36,5,9.6808e+05,0.238,0.093
10,36,5,9.6812e+05,-0.72,0.485
10,36,5,9.6816e+05,0.439,-0.429
10,36,5,9.682e+05,-0.364,0.169
10,36,5,9.6824e+05,0.789,-0.068
10,36,5,9.6828e+05,0.077,-0.031
10,36,5,9.6832e+05,0.151,-0.182
10,36,5,9.6836e+05,-0.28,0.283
10,36,5,9.684e+05,-0.257,0.319
10,36,5,9.6844e+05,0.006,0.077
10,36,5,9.6848e+05,0.455,0.412
10,36,5,9.6852e+05,0.13,0.008
10,36,5,9.6855e+05,0.429,-0.123
10,36,5,9.6859e+05,0.214,-0.22
10,36,5,9.6863e+05,-0.332,0.205
10,36,5,9.6867e+05,-0.293,0.066
10,36,5,9.6871e+05,-0.812,0.328
10,36,5,9.6875e+05,0.172,-0.125
10,36,5,9.6879e+05,0.099,-0.285
10,36,5,9.6883e+05,-0.304,0.324
10,36,5,9.6887e+05,0.474,-0.434
10,36,5,9.6891e+05,-0.53,-0.016
10,36,5,9.6894e+05,0.033,-0.516
10,36,5,9.6898e+05,-0.515,0.376
10,36,5,9.6902e+05,-0.321,0.24
10,36,5,9.6906e+05,0.324,-0.397
10,36,5,9.691e+05,0.05,0.291
10,36,5,9.6914e+05,0.138,0.097
10,36,5,9.6918e+05,0.315,-0.028
10,36,5,9.6922e+05,-0.287,0.301
10,36,5,9.6926e+05,0.129,0.078
10,36,5,9.693e+05,-0.085,-0.21
10,36,5,9.6934e+05,-0.388,0.776
10,36,5,9.6937e+05,0.904,-0.744
10,36,5,9.6941e+05,-0.13,0.788
10,36,5,9.6945e+05,1.307,-1.28
10,36,5,9.6949e+05,-0.637,0.951
10,36,5,9.6953e+05,0.328,-0.689
10,36,5,9.6957e+05,-0.737,0.567
10,36,5,9.6961e+05,0.018,-0.122
10,36,5,9.6965e+05,-0.178,0.224
10,36,5,9.6969e+05,0.105,-0.27
10,36,5,9.6973e+05,-0.093,-0.066
10,36,5,9.6976e+05,0.834,-0.157
10,36,5,9.698e+05,-0.745,-0.655
10,36,5,9.6984e+05,-0.398,1.313
10,36,5,9.6988e+05,-0.085,-1.381
10,36,5,9.6992e+05,-1.045,1.976
10,36,5,9.6996e+05,1.621,-1.633
10,36,5,9.7e+05,-1.347,1.912
10,36,5,9.7004e+05,1.902,-1.952
10,36,5,9.7008e+05,-0.495,0.782
10,36,5,9.7012e+05,0.156,-0.509
10,36,5,9.7016e+05,-0.071,0.012
10,36,5,9.702e+05,-0.777,0.283
10,36,5,9.7023e+05,0.172,0.025
10,36,5,9.7027e+05,0.083,0.357
10,36,5,9.7031e+05,-0.278,0.098
10,36,5,9.7035e+05,0.832,-0.728
10,36,5,9.7039e+05,-1.056,0.815
10,36,5,9.7043e+05,0.464,-0.576
10,36,5,9.7047e+05,-0.339,-0.01
10,36,5,9.7051e+05,-0.205,0.485
10,36,5,9.7055e+05,0.242,-0.32
10,36,5,9.7058e+05,0.103,0.057
10,36,5,9.7062e+05,0.175,-0.298
10,36,5,9.7066e+05,-0.307,0.536
10,36,5,9.707e+05,-0.262,-0.155
10,36,5,9.7074e+05,-0.157,0.082
10,36,5,9.7078e+05,-0.099,-0.488
10,36,5,9.7082e+05,-0.047,0.703
10,36,5,9.7086e+05,0.605,-0.782
10,36,5,9.709e+05,-0.022,0.647
10,36,5,9.7094e+05,0.483,-0.252
10,36,5,9.7098e+05,-0.265,0.143
10,36,5,9.7102e+05,-0.419,0.545
10,36,5,9.7105e+05,0.211,-0.712
10,36,5,9.7109e+05,-0.281,1.15
10,36,5,9.7113e+05,0.612,-0.893
10,36,5,9.7117e+05,0.107,-0.337
10,36,5,9.7121e+05,-0.229,0.446
10,36,5,9.7125e+05,0.093,-0.987
10,36,5,9.7129e+05,-1.451,1.429
10,36,5,9.7133e+05,0.25,-1.074
10,36,5,9.7137e+05,-1.643,1.557
10,36,5,9.7141e+05,0.495,-1.056
10,36,5,9.7144e+05,-0.383,0.626
10,36,5,9.7148e+05,0.854,-1.021
10,36,5,9.7152e+05,-0.432,0.702
10,36,5,9.7156e+05,0.254,-0.452
10,36,5,9.716e+05,-0.229,-0.077
10,36,5,9.7164e+05,-0.091,0.319
10,36,5,9.7168e+05,0.048,-0.217
10,36,5,9.7172e+05,0.386,0.45
10,36,5,9.7176e+05,0.28,-0.221
10,36,5,9.718e+05,0.315,0.135
10,36,5,9.7184e+05,0.202,-0.501
10,36,5,9.7187e+05,-0.107,0.309
10,36,5,9.7191e+05,0.027,-0.623
10,36,5,9.7195e+05,-0.797,0.879
10,36,5,9.7199e+05,0.3,-0.857
10,36,5,9.7203e+05,-0.604,0.92
10,36,5,9.7207e+05,0.074,-0.43
10,36,5,9.7211e+05,-0.231,0.007
10,36,5,9.7215e+05,-0.302,0.241
10,36,5,9.7219e+05,-0.362,0.046
10,36,5,9.7223e+05,-0.082,-0.042
10,36,5,9.7226e+05,-0.835,0.159
10,36,5,9.723e+05,0.334,-0.512
10,36,5,9.7234e+05,-0.196,0.702
10,36,5,9.7238e+05,0.174,-0.44
10,36,5,9.7242e+05,0.243,0.136
10,36,5,9.7246e+05,-0.213,-0.22
10,36,5,9.725e+05,-0.271,0.333
10,36,5,9.7254e+05,0.003,0.01
10,36,5,9.7258e+05,-0.249,-0.053
10,36,5,9.7262e+05,0.746,-0.349
10,36,5,9.7266e+05,0.346,-0.372
10,36,5,9.727e+05,0.16,0.368
10,36,5,9.7273e+05,0.118,-0.014
10,36,5,9.7277e+05,-0.318,0.089
10,36,5,9.7281e+05,-0.376,-0.084
10,36,5,9.7285e+05,-0.586,0.146
10,36,5,9.7289e+05,-0.188,0.413
10,36,5,9.7293e+05,0.134,-0.08
10,36,5,9.7297e+05,0.359,-0.803
10,36,5,9.7301e+05,-0.618,0.884
10,36,5,9.7305e+05,-0.157,-0.857
10,36,5,9.7308e+05,-0.841,0.435
10,36,5,9.7312e+05,-0.331,-0.79
10,36,5,9.7316e+05,-0.536,0.685
10,36,5,9.732e+05,0.078,0.48
10,36,5,9.7324e+05,0.439,-0.642
10,36,5,9.7328e+05,0.715,-0.193
10,36,5,9.7332e+05,-0.188,0.104
10,36,5,9.7336e+05,-0.184,0.241
10,36,5,9.734e+05,-0.265,-0.137
10,36,5,9.7344e+05,-0.032,-0.287
10,36,5,9.7348e+05,0.139,0.339
10,36,5,9.7352e+05,0.011,-0.119
10,36,5,9.7355e+05,0.414,-0.297
10,36,5,9.7359e+05,-0.577,0.564
10,36,5,9.7363e+05,-0.406,-0.589
10,36,5,9.7367e+05,-0.835,0.688
10,36,5,9.7371e+05,-0.046,-0.826
10,36,5,9.7375e+05,-0.422,0.605
10,36,5,9.7379e+05,0.862,-0.614
10,36,5,9.7383e+05,-0.158,0.205
10,36,5,9.7387e+05,0.518,-0.463
10,36,5,9.7391e+05,-0.159,0.028
10,36,5,9.7394e+05,-0.349,0.323
10,36,5,9.7398e+05,-0.458,0.344
10,36,5,9.7402e+05,0.359,0.242
10,36,5,9.7406e+05,0.407,-0.105
10,36,5,9.741e+05,0.975,-0.439
10,36,5,9.7414e+05,-0.195,0.172
10,36,5,9.7418e+05,0.433,-0.763
10,36,5,9.7422e+05,0.066,-0.087
10,36,5,9.7426e+05,-0.463,0.487
10,36,5,9.743e+05,0.243,-0.502
10,36,5,9.7434e+05,-0.515,0.584
10,36,5,9.7437e+05,0.69,-1.192
10,36,5,9.7441e+05,-0.384,1.061
10,36,5,9.7445e+05,-0.098,-0.328
10,36,5,9.7449e+05,-0.349,0.323
10,36,5,9.7453e+05,0.251,-0.858
10,36,5,9.7457e+05,-0.266,0.643
10,36,5,9.7461e+05,0.279,-0.318
10,36,5,9.7465e+05,-0.457,0.378
10,36,5,9.7469e+05,0.337,-0.657
10,36,5,9.7473e+05,-0.851,1.146
10,36,5,9.7476e+05,0.316,-0.602
10,36,5,9.748e+05,-0.948,0.65
10,36,5,9.7484e+05,0.873,-0.888
10,36,5,9.7488e+05,-1.083,1.239
10,36,5,9.7492e+05,1.022,-1.558
10,36,5,9.7496e+05,-1.173,1.51
10,36,5,9.75e+05,0.985,-1.225
10,36,5,9.7504e+05,-1.036,1.291
10,36,5,9.7508e+05,0.759,-1.021
10,36,5,9.7512e+05,-0.579,0.715
10,36,5,9.7516e+05,1.19,-0.547
10,36,5,9.752e+05,-0.44,0.406
10,36,5,9.7523e+05,0.719,-0.682
10,36,5,9.7527e+05,-1.294,0.274
10,36,5,9.7531e+05,-0.293,-0.406
10,36,5,9.7535e+05,-0.985,0.388
10,36,5,9.7539e+05,-0.219,0.208
10,36,5,9.7543e+05,-0.168,0.071
10,36,5,9.7547e+05,0.853,0.382
10,36,5,9.7551e+05,1.254,-1.53
10,36,5,9.7555e+05,0.04,1.338
10,36,5,9.7558e+05,0.483,-1.078
10,36,5,9.7562e+05,-1.036,0.936
10,36,5,9.7566e+05,0.01,-0.431
10,36,5,9.757e+05,-0.146,0.484
10,36,5,9.7574e+05,-0.226,0.593
10,36,5,9.7578e+05,0.555,-0.679
10,36,5,9.7582e+05,-0.033,0.173
10,36,5,9.7586e+05,-0.468,0.072
10,36,5,9.759e+05,-0.438,-0.128
10,36,5,9.7594e+05,-0.832,0.042
10,36,5,9.7598e+05,0.252,-0.783
10,36,5,9.7602e+05,-0.171,0.627
10,36,5,9.7605e+05,0.445,-0.172
10,36,5,9.7609e+05,0.23,-0.772
10,36,5,9.7613e+05,0.027,0.579
10,36,5,9.7617e+05,0.021,0.076
10,36,5,9.7621e+05,-0.186,0.299
10,36,5,9.7625e+05,-0.001,0.268
10,36,5,9.7629e+05,0.421,-0.363
10,36,5,9.7633e+05,-0.302,0.704
10,36,5,9.7637e+05,0.695,-0.915
10,36,5,9.7641e+05,-0.892,0.57
10,36,5,9.7644e+05,0.143,0.08
10,36,5,9.7648e+05,-0.096,-0.345
10,36,5,9.7652e+05,-0.491,0.707
10,36,5,9.7656e+05,0.541,-0.873
10,36,5,9.766e+05,-0.331,0.139
10,36,5,9.7664e+05,0.731,-0.121
10,36,5,9.7668e+05,-0.01,-0.447
10,36,5,9.7672e+05,-0.699,0.881
10,36,5,9.7676e+05,0.738,-0.6
10,36,5,9.768e+05,-0.435,0.64
10,36,5,9.7684e+05,0.802,-0.59
10,36,5,9.7687e+05,-0.61,0.583
10,36,5,9.7691e+05,0.358,-0.135
10,36,5,9.7695e+05,-0.775,-0.189
10,36,5,9.7699e+05,-0.197,-0.023
10,36,5,9.7703e+05,-0.443,0.573
10,36,5,9.7707e+05,0.025,-0.81
10,36,5,9.7711e+05,0.177,0.308
10,36,5,9.7715e+05,0.366,-0.54
10,36,5,9.7719e+05,0.085,0.587
10,36,5,9.7723e+05,0.477,-0.237
10,36,5,9.7726e+05,-0.939,0.449
10,36,5,9.773e+05,0.992,-0.736
10,36,5,9.7734e+05,-1.036,1.233
10,36,5,9.7738e+05,0.964,-1.202
10,36,5,9.7742e+05,-0.63,1.301
10,36,5,9.7746e+05,0.938,-1.531
10,36,5,9.775e+05,-0.942,1.442
10,36,5,9.7754e+05,0.616,-0.897
10,36,5,9.7758e+05,-1.225,0.434
10,36,5,9.7762e+05,0.566,-0.508
10,36,5,9.7766e+05,-1.129,0.96
10,36,5,9.777e+05,0.448,-0.693
10,36,5,9.7773e+05,-0.444,0.161
10,36,5,9.7777e+05,0.701,-1.289
10,36,5,9.7781e+05,-0.91,1.365
10,36,5,9.7785e+05,0.574,-1.133
10,36,5,9.7789e+05,-0.646,0.722
10,36,5,9.7793e+05,0.834,-0.685
10,36,5,9.7797e+05,-0.271,0.815
10,36,5,9.7801e+05,1.345,-0.488
10,36,5,9.7805e+05,-0.409,0.246
10,36,5,9.7808e+05,0.758,0.019
10,36,5,9.7812e+05,-0.448,0.292
10,36,5,9.7816e+05,0.063,-0.015
10,36,5,9.782e+05,-0.142,-0.051
10,36,5,9.7824e+05,-0.126,0.215
10,36,5,9.7828e+05,0.308,-0.688
10,36,5,9.7832e+05,-0.379,0.357
10,36,5,9.7836e+05,-0.118,-0.802
10,36,5,9.784e+05,-1.227,0.722
10,36,5,9.7844e+05,-0.011,-0.787
10,36,5,9.7848e+05,-0.626,0.891
10,36,5,9.7852e+05,0.805,-0.988
10,36,5,9.7855e+05,-0.3,1.246
10,36,5,9.7859e+05,1.326,-1.598
10,36,5,9.7863e+05,-0.39,1.169
10,36,5,9.7867e+05,0.99,-0.677
10,36,5,9.7871e+05,-0.694,0.912
10,36,5,9.7875e+05,0.607,-0.49
10,36,5,9.7879e+05,-0.603,0.428
10,36,5,9.7883e+05,0.602,-0.2
10,36,5,9.7887e+05,-0.632,0.316
10,36,5,9.7891e+05,0.438,-0.744
10,36,5,9.7894e+05,-0.755,0.368
10,36,5,9.7898e+05,0.104,-0.556
10,36,5,9.7902e+05,-0.58,-0.186
10,36,5,9.7906e+05,0.007,-0.173
10,36,5,9.791e+05,0.11,0.006
10,36,5,9.7914e+05,0.431,-0.173
10,36,5,9.7918e+05,0.474,-0.006
10,36,5,9.7922e+05,0.154,0.377
10,36,5,9.7926e+05,0.334,-0.139
10,36,5,9.793e+05,0.308,0.426
10,36,5,9.7934e+05,0.094,-0.138
10,36,5,9.7937e+05,0.27,0.702
10,36,5,9.7941e+05,0.629,-0.629
10,36,5,9.7945e+05,-0.147,0.571
10,36,5,9.7949e+05,0.257,-0.138
10,36,5,9.7953e+05,-0.657,0.367
10,36,5,9.7957e+05,0.201,-0.529
10,36,5,9.7961e+05,-0.8,0.475
10,36,5,9.7965e+05,0.169,-0.845
10,36,5,9.7969e+05,-0.704,0.77
10,36,5,9.7973e+05,0.417,-1.12
10,36,5,9.7976e+05,-0.928,0.896
10,36,5,9.798e+05,0.271,-0.475
10,36,5,9.7984e+05,-0.89,0.68
10,36,5,9.7988e+05,0.268,-0.317
10,36,5,9.7992e+05,-0.019,-0.076
10,36,5,9.7996e+05,0.053,0.344
10,36,5,9.8e+05,0.476,-0.446
10,36,5,9.8004e+05,0.053,0.227
10,36,5,9.8008e+05,0.073,-0.879
10,36,5,9.8012e+05,-0.399,0.89
10,36,5,9.8016e+05,0.295,-0.595
10,36,5,9.802e+05,0.004,-0.112
10,36,5,9.8023e+05,0.261,0.049
10,36,5,9.8027e+05,0.177,-0.26
10,36,5,9.8031e+05,0.33,0.125
10,36,5,9.8035e+05,-0.252,0.252
10,36,5,9.8039e+05,-0.003,-0.158
10,36,5,9.8043e+05,0.115,0.042
10,36,5,9.8047e+05,-0.143,0.03
10,36,5,9.8051e+05,0.128,0.448
10,36,5,9.8055e+05,0.208,-0.072
10,36,5,9.8058e+05,0.392,-0.503
10,36,5,9.8062e+05,-0.273,0.396
10,36,5,9.8066e+05,-0.208,-0.264
10,36,5,9.807e+05,-0.044,-0.02
10,36,5,9.8074e+05,0.437,-0.139
10,36,5,9.8078e+05,0.403,-0.062
10,36,5,9.8082e+05,0.449,-0.117
10,36,5,9.8086e+05,-0.203,0.082
10,36,5,9.809e+05,0.405,-0.204
10,36,5,9.8094e+05,-0.472,0.559
10,36,5,9.8098e+05,-0.097,-0.235
10,36,5,9.8102e+05,-0.059,0.305
10,36,5,9.8105e+05,0.514,-0.216
10,36,5,9.8109e+05,0.61,-0.626
10,36,5,9.8113e+05,-0.116,0.494
10,36,5,9.8117e+05,-0.057,-0.154
10,36,5,9.8121e+05,-0.517,0.675
10,36,5,9.8125e+05,0.134,-0.463
10,36,5,9.8129e+05,-0.66,0.906
10,36,5,9.8133e+05,0.673,-0.819
10,36,5,9.8137e+05,-0.882,0.961
10,36,5,9.8141e+05,1.076,-1.8
10,36,5,9.8144e+05,-1.17,1.27
10,36,5,9.8148e+05,0.601,-0.849
10,36,5,9.8152e+05,-1.032,1.114
10,36,5,9.8156e+05,0.781,-1.364
10,36,5,9.816e+05,-0.692,1.288
10,36,5,9.8164e+05,1.147,-0.366
10,36,5,9.8168e+05,-0.365,0.54
10,36,5,9.8172e+05,1.07,-0.725
10,36,5,9.8176e+05,-0.758,0.568
10,36,5,9.818e+05,0.975,-0.617
10,36,5,9.8184e+05,-0.398,0.328
10,36,5,9.8187e+05,0.474,-0.148
10,36,5,9.8191e+05,-0.383,0.32
10,36,5,9.8195e+05,0.744,-0.217
10,36,5,9.8199e+05,-0.509,0.048
10,36,5,9.8203e+05,0.299,-0.454
10,36,5,9.8207e+05,-1.032,0.792
10,36,5,9.8211e+05,0.089,-0.255
10,36,5,9.8215e+05,-0.078,-0.403
10,36,5,9.8219e+05,-0.185,0.746
10,36,5,9.8223e+05,0.164,-0.937
10,36,5,9.8226e+05,-0.306,0.837
10,36,5,9.823e+05,0.175,-0.569
10,36,5,9.8234e+05,-0.318,0.799
10,36,5,9.8238e+05,0.204,-0.434
10,36,5,9.8242e+05,-0,0.517
10,36,5,9.8246e+05,0.5,-0.461
10,36,5,9.825e+05,-0.389,0.475
10,36,5,9.8254e+05,0.472,-0.809
10,36,5,9.8258e+05,-0.8,0.965
10,36,5,9.8262e+05,0.521,-0.972
10,36,5,9.8266e+05,-1.297,1.633
10,36,5,9.827e+05,0.858,-1.582
10,36,5,9.8273e+05,-0.775,1.531
10,36,5,9.8277e+05,1.156,-1.34
10,36,5,9.8281e+05,-0.646,0.695
10,36,5,9.8285e+05,0.695,-0.991
10,36,5,9.8289e+05,-0.894,0.533
10,36,5,9.8293e+05,0.758,-0.649
10,36,5,9.8297e+05,-0.919,1.258
10,36,5,9.8301e+05,0.728,-1.32
10,36,5,9.8305e+05,-0.972,1.001
10,36,5,9.8308e+05,0.918,-0.804
10,36,5,9.8312e+05,-0.884,0.539
10,36,5,9.8316e+05,0.458,-0.865
10,36,5,9.832e+05,-1.178,1.102
10,36,5,9.8324e+05,0.436,-0.972
10,36,5,9.8328e+05,-0.409,0.395
10,36,5,9.8332e+05,0.259,-0.035
10,36,5,9.8336e+05,-0.532,-0.139
10,36,5,9.834e+05,0.176,0.254
10,36,5,9.8344e+05,-0.109,0.207
10,36,5,9.8348e+05,-0.2,-0.074
10,36,5,9.8352e+05,-0.196,0.255
10,36,5,9.8355e+05,-0.288,0.035
10,36,5,9.8359e+05,0.041,-0.565
10,36,5,9.8363e+05,-0.147,0.658
10,36,5,9.8367e+05,0.207,-0.688
10,36,5,9.8371e+05,-0.182,0.253
10,36,5,9.8375e+05,-0.198,-0.365
10,36,5,9.8379e+05,-0.161,0.522
10,36,5,9.8383e+05,-0.409,-0.279
10,36,5,9.8387e+05,-0.417,0.712
10,36,5,9.8391e+05,0.265,-0.821
10,36,5,9.8394e+05,-0.107,0.468
10,36,5,9.8398e+05,0.843,-0.837
10,36,5,9.8402e+05,-0.436,0.663
10,36,5,9.8406e+05,0.611,-0.297
10,36,5,9.841e+05,-0.312,-0.044
10,36,5,9.8414e+05,0.009,0.51
10,36,5,9.8418e+05,0.14,-0.539
10,36,5,9.8422e+05,-0.05,0.495
10,36,5,9.8426e+05,0.473,-0.585
10,36,5,9.843e+05,-0.629,0.293
10,36,5,9.8434e+05,0.288,-0.835
10,36,5,9.8437e+05,-0.355,0.435
