11;27;36;4;103.070
11;27;36;5;103.070
11;27;36;6;103.069
11;27;36;7;103.069
11;27;36;8;103.069
11;27;36;9;103.069
11;27;37;0;103.070
11;27;37;1;103.070
11;27;37;2;103.071
11;27;37;3;103.071
11;27;37;4;103.071
11;27;37;5;103.071
11;27;37;6;103.070
11;27;37;7;103.070
11;27;37;8;103.072
11;27;37;9;103.072
11;27;38;0;103.073
11;27;38;1;103.073
11;27;38;2;103.074
11;27;38;3;103.074
11;27;38;4;103.074
11;27;38;5;103.074
11;27;38;6;103.075
11;27;38;7;103.075
11;27;38;8;103.077
11;27;38;9;103.077
11;27;39;0;103.077
11;27;39;1;103.077
11;27;39;2;103.079
11;27;39;3;103.079
11;27;39;4;103.080
11;27;39;5;103.080
11;27;39;6;103.080
11;27;39;7;103.080
11;27;39;8;103.081
11;27;39;9;103.081
11;27;40;0;103.084
11;27;40;1;103.084
11;27;40;2;103.084
11;27;40;3;103.084
11;27;40;4;103.086
11;27;40;5;103.086
11;27;40;6;103.086
11;27;40;7;103.086
11;27;40;8;103.087
11;27;40;9;103.087
11;27;41;0;103.088
11;27;41;1;103.088
11;27;41;2;103.087
11;27;41;3;103.087
11;27;41;4;103.085
11;27;41;5;103.085
11;27;41;6;103.086
11;27;41;7;103.086
11;27;41;8;103.087
11;27;41;9;103.087
11;27;42;0;103.086
11;27;42;1;103.086
11;27;42;2;103.088
11;27;42;3;103.088
11;27;42;4;103.088
11;27;42;5;103.088
11;27;42;6;103.091
11;27;42;7;103.091
11;27;42;8;103.090
11;27;42;9;103.090
11;27;43;0;103.091
11;27;43;1;103.091
11;27;43;2;103.093
11;27;43;3;103.093
11;27;43;4;103.094
11;27;43;5;103.094
11;27;43;6;103.096
11;27;43;7;103.096
11;27;43;8;103.094
11;27;43;9;103.094
11;27;44;0;103.097
11;27;44;1;103.097
11;27;44;2;103.097
11;27;44;3;103.097
11;27;44;4;103.100
11;27;44;5;103.100
11;27;44;6;103.099
11;27;44;7;103.099
11;27;44;8;103.099
11;27;44;9;103.099
11;27;45;0;103.100
11;27;45;1;103.100
11;27;45;2;103.102
11;27;45;3;103.102
11;27;45;4;103.102
11;27;45;5;103.102
11;27;45;6;103.101
11;27;45;7;103.101
11;27;45;8;103.103
11;27;45;9;103.103
11;27;46;0;103.103
11;27;46;1;103.103
11;27;46;2;103.104
11;27;46;3;103.104
11;27;46;4;103.104
11;27;46;5;103.104
11;27;46;6;103.106
11;27;46;7;103.106
11;27;46;8;103.106
11;27;46;9;103.106
11;27;47;0;103.106
11;27;47;1;103.106
11;27;47;2;103.107
11;27;47;3;103.107
11;27;47;4;103.107
11;27;47;5;103.107
11;27;47;6;103.108
11;27;47;7;103.108
11;27;47;8;103.108
11;27;47;9;103.108
11;27;48;0;103.109
11;27;48;1;103.109
11;27;48;2;103.108
11;27;48;3;103.108
11;27;48;4;103.109
11;27;48;5;103.109
11;27;48;6;103.107
11;27;48;7;103.107
11;27;48;8;103.108
11;27;48;9;103.108
11;27;49;0;103.109
11;27;49;1;103.109
11;27;49;2;103.110
11;27;49;3;103.110
11;27;49;4;103.110
11;27;49;5;103.110
11;27;49;6;103.111
11;27;49;7;103.111
11;27;49;8;103.111
11;27;49;9;103.111
11;27;50;0;103.113
11;27;50;1;103.113
11;27;50;2;103.114
11;27;50;3;103.114
11;27;50;4;103.116
11;27;50;5;103.116
11;27;50;6;103.117
11;27;50;7;103.117
11;27;50;8;103.119
11;27;50;9;103.119
11;27;51;0;103.121
11;27;51;1;103.121
11;27;51;2;103.122
11;27;51;3;103.122
11;27;51;4;103.123
11;27;51;5;103.123
11;27;51;6;103.125
11;27;51;7;103.125
11;27;51;8;103.126
11;27;51;9;103.126
11;27;52;0;103.126
11;27;52;1;103.126
11;27;52;2;103.129
11;27;52;3;103.129
11;27;52;4;103.129
11;27;52;5;103.129
11;27;52;6;103.128
11;27;52;7;103.128
11;27;52;8;103.129
11;27;52;9;103.129
11;27;53;0;103.130
11;27;53;1;103.130
11;27;53;2;103.129
11;27;53;3;103.129
11;27;53;4;103.129
11;27;53;5;103.129
11;27;53;6;103.130
11;27;53;7;103.130
11;27;53;8;103.131
11;27;53;9;103.131
11;27;54;0;103.132
11;27;54;1;103.132
11;27;54;2;103.133
11;27;54;3;103.133
11;27;54;4;103.135
11;27;54;5;103.135
11;27;54;6;103.135
11;27;54;7;103.135
11;27;54;8;103.134
11;27;54;9;103.134
11;27;55;0;103.135
11;27;55;1;103.135
11;27;55;2;103.137
11;27;55;3;103.137
11;27;55;4;103.138
11;27;55;5;103.138
11;27;55;6;103.139
11;27;55;7;103.139
11;27;55;8;103.139
11;27;55;9;103.139
11;27;56;0;103.139
11;27;56;1;103.139
11;27;56;2;103.139
11;27;56;3;103.139
11;27;56;4;103.140
11;27;56;5;103.140
11;27;56;6;103.141
11;27;56;7;103.141
11;27;56;8;103.142
11;27;56;9;103.142
11;27;57;0;103.142
11;27;57;1;103.142
11;27;57;2;103.142
11;27;57;3;103.142
11;27;57;4;103.142
11;27;57;5;103.142
11;27;57;6;103.144
11;27;57;7;103.144
11;27;57;8;103.144
11;27;57;9;103.144
11;27;58;0;103.145
11;27;58;1;103.145
11;27;58;2;103.145
11;27;58;3;103.145
11;27;58;4;103.145
11;27;58;5;103.145
11;27;58;6;103.146
11;27;58;7;103.146
11;27;58;8;103.147
11;27;58;9;103.147
11;27;59;0;103.147
11;27;59;1;103.147
11;27;59;2;103.148
11;27;59;3;103.148
11;27;59;4;103.148
11;27;59;5;103.148
11;27;59;6;103.148
11;27;59;7;103.148
11;27;59;8;103.148
11;27;59;9;103.148
11;28;00;0;103.149
11;28;00;1;103.149
11;28;00;2;103.148
11;28;00;3;103.148
11;28;00;4;103.149
11;28;00;5;103.149
11;28;00;6;103.150
11;28;00;7;103.150
11;28;00;8;103.151
11;28;00;9;103.151
11;28;01;0;103.151
11;28;01;1;103.151
11;28;01;2;103.152
11;28;01;3;103.152
11;28;01;4;103.153
11;28;01;5;103.153
11;28;01;6;103.153
11;28;01;7;103.153
11;28;01;8;103.155
11;28;01;9;103.155
11;28;02;0;103.155
11;28;02;1;103.155
11;28;02;2;103.157
11;28;02;3;103.157
11;28;02;4;103.158
11;28;02;5;103.158
11;28;02;6;103.160
11;28;02;7;103.160
11;28;02;8;103.160
11;28;02;9;103.160
11;28;03;0;103.161
11;28;03;1;103.161
11;28;03;2;103.161
11;28;03;3;103.161
11;28;03;4;103.162
11;28;03;5;103.162
11;28;03;6;103.162
11;28;03;7;103.162
11;28;03;8;103.162
11;28;03;9;103.162
11;28;04;0;103.163
11;28;04;1;103.163
11;28;04;2;103.162
11;28;04;3;103.162
11;28;04;4;103.163
11;28;04;5;103.163
11;28;04;6;103.164
11;28;04;7;103.164
11;28;04;8;103.164
11;28;04;9;103.164
11;28;05;0;103.167
11;28;05;1;103.167
11;28;05;2;103.167
11;28;05;3;103.167
11;28;05;4;103.170
11;28;05;5;103.170
11;28;05;6;103.170
11;28;05;7;103.170
11;28;05;8;103.172
11;28;05;9;103.172
11;28;06;0;103.172
11;28;06;1;103.172
11;28;06;2;103.173
11;28;06;3;103.173
11;28;06;4;103.174
11;28;06;5;103.174
11;28;06;6;103.175
11;28;06;7;103.175
11;28;06;8;103.176
11;28;06;9;103.176
11;28;07;0;103.176
11;28;07;1;103.176
11;28;07;2;103.178
11;28;07;3;103.178
11;28;07;4;103.177
11;28;07;5;103.177
11;28;07;6;103.178
11;28;07;7;103.178
11;28;07;8;103.178
11;28;07;9;103.178
11;28;08;0;103.180
11;28;08;1;103.180
11;28;08;2;103.181
11;28;08;3;103.181
11;28;08;4;103.181
11;28;08;5;103.181
11;28;08;6;103.182
11;28;08;7;103.182
11;28;08;8;103.184
11;28;08;9;103.184
11;28;09;0;103.185
11;28;09;1;103.185
11;28;09;2;103.186
11;28;09;3;103.186
11;28;09;4;103.186
11;28;09;5;103.186
11;28;09;6;103.186
11;28;09;7;103.186
11;28;09;8;103.187
11;28;09;9;103.187
11;28;10;0;103.187
11;28;10;1;103.187
11;28;10;2;103.187
11;28;10;3;103.187
11;28;10;4;103.187
11;28;10;5;103.187
11;28;10;6;103.188
11;28;10;7;103.188
11;28;10;8;103.187
11;28;10;9;103.187
11;28;11;0;103.186
11;28;11;1;103.186
11;28;11;2;103.187
11;28;11;3;103.187
11;28;11;4;103.186
11;28;11;5;103.186
11;28;11;6;103.186
11;28;11;7;103.186
11;28;11;8;103.188
11;28;11;9;103.188
11;28;12;0;103.188
11;28;12;1;103.188
11;28;12;2;103.189
11;28;12;3;103.189
11;28;12;4;103.191
11;28;12;5;103.191
11;28;12;6;103.191
11;28;12;7;103.191
11;28;12;8;103.192
11;28;12;9;103.192
11;28;13;0;103.191
11;28;13;1;103.191
11;28;13;2;103.191
11;28;13;3;103.191
11;28;13;4;103.191
11;28;13;5;103.191
11;28;13;6;103.192
11;28;13;7;103.192
11;28;13;8;103.190
11;28;13;9;103.190
11;28;14;0;103.192
11;28;14;1;103.192
11;28;14;2;103.193
11;28;14;3;103.193
11;28;14;4;103.192
11;28;14;5;103.192
11;28;14;6;103.193
11;28;14;7;103.193
11;28;14;8;103.194
11;28;14;9;103.194
11;28;15;0;103.194
11;28;15;1;103.194
11;28;15;2;103.195
11;28;15;3;103.195
11;28;15;4;103.194
11;28;15;5;103.194
11;28;15;6;103.196
11;28;15;7;103.196
11;28;15;8;103.194
11;28;15;9;103.194
11;28;16;0;103.194
11;28;16;1;103.194
11;28;16;2;103.193
11;28;16;3;103.193
11;28;16;4;103.193
11;28;16;5;103.193
11;28;16;6;103.193
11;28;16;7;103.193
11;28;16;8;103.193
11;28;16;9;103.193
11;28;17;0;103.193
11;28;17;1;103.193
11;28;17;2;103.193
11;28;17;3;103.193
11;28;17;4;103.193
11;28;17;5;103.193
11;28;17;6;103.196
11;28;17;7;103.196
11;28;17;8;103.195
11;28;17;9;103.195
11;28;18;0;103.196
11;28;18;1;103.196
11;28;18;2;103.197
11;28;18;3;103.197
11;28;18;4;103.198
11;28;18;5;103.198
11;28;18;6;103.199
11;28;18;7;103.199
11;28;18;8;103.201
11;28;18;9;103.201
11;28;19;0;103.201
11;28;19;1;103.201
11;28;19;2;103.202
11;28;19;3;103.202
11;28;19;4;103.204
11;28;19;5;103.204
11;28;19;6;103.205
11;28;19;7;103.205
11;28;19;8;103.205
11;28;19;9;103.205
11;28;20;0;103.207
11;28;20;1;103.207
11;28;20;2;103.207
11;28;20;3;103.207
11;28;20;4;103.208
11;28;20;5;103.208
11;28;20;6;103.207
11;28;20;7;103.207
11;28;20;8;103.208
11;28;20;9;103.208
11;28;21;0;103.208
11;28;21;1;103.208
11;28;21;2;103.209
11;28;21;3;103.209
11;28;21;4;103.209
11;28;21;5;103.209
11;28;21;6;103.208
11;28;21;7;103.208
11;28;21;8;103.210
11;28;21;9;103.210
11;28;22;0;103.208
11;28;22;1;103.208
11;28;22;2;103.208
11;28;22;3;103.208
11;28;22;4;103.209
11;28;22;5;103.209
11;28;22;6;103.209
11;28;22;7;103.209
11;28;22;8;103.209
11;28;22;9;103.209
11;28;23;0;103.209
11;28;23;1;103.209
11;28;23;2;103.209
11;28;23;3;103.209
11;28;23;4;103.209
11;28;23;5;103.209
11;28;23;6;103.211
11;28;23;7;103.211
11;28;23;8;103.211
11;28;23;9;103.211
11;28;24;0;103.212
11;28;24;1;103.212
11;28;24;2;103.213
11;28;24;3;103.213
11;28;24;4;103.216
11;28;24;5;103.216
11;28;24;6;103.216
11;28;24;7;103.216
11;28;24;8;103.217
11;28;24;9;103.217
11;28;25;0;103.219
11;28;25;1;103.219
11;28;25;2;103.219
11;28;25;3;103.219
11;28;25;4;103.219
11;28;25;5;103.219
11;28;25;6;103.218
11;28;25;7;103.218
11;28;25;8;103.218
11;28;25;9;103.218
11;28;26;0;103.219
11;28;26;1;103.219
11;28;26;2;103.219
11;28;26;3;103.219
11;28;26;4;103.220
11;28;26;5;103.220
11;28;26;6;103.219
11;28;26;7;103.219
11;28;26;8;103.221
11;28;26;9;103.221
11;28;27;0;103.220
11;28;27;1;103.220
11;28;27;2;103.222
11;28;27;3;103.222
11;28;27;4;103.222
11;28;27;5;103.222
11;28;27;6;103.223
11;28;27;7;103.223
11;28;27;8;103.222
11;28;27;9;103.222
11;28;28;0;103.222
11;28;28;1;103.222
11;28;28;2;103.222
11;28;28;3;103.222
11;28;28;4;103.223
11;28;28;5;103.223
11;28;28;6;103.223
11;28;28;7;103.223
11;28;28;8;103.224
11;28;28;9;103.224
11;28;29;0;103.225
11;28;29;1;103.225
11;28;29;2;103.227
11;28;29;3;103.227
11;28;29;4;103.229
11;28;29;5;103.229
11;28;29;6;103.229
11;28;29;7;103.229
11;28;29;8;103.232
11;28;29;9;103.232
11;28;30;0;103.232
11;28;30;1;103.232
11;28;30;2;103.232
11;28;30;3;103.232
11;28;30;4;103.233
11;28;30;5;103.233
11;28;30;6;103.235
11;28;30;7;103.235
11;28;30;8;103.233
11;28;30;9;103.233
11;28;31;0;103.232
11;28;31;1;103.232
11;28;31;2;103.233
11;28;31;3;103.233
11;28;31;4;103.234
11;28;31;5;103.234
11;28;31;6;103.234
11;28;31;7;103.234
11;28;31;8;103.235
11;28;31;9;103.235
11;28;32;0;103.235
11;28;32;1;103.235
11;28;32;2;103.236
11;28;32;3;103.236
11;28;32;4;103.237
11;28;32;5;103.237
11;28;32;6;103.236
11;28;32;7;103.236
11;28;32;8;103.238
11;28;32;9;103.238
11;28;33;0;103.237
11;28;33;1;103.237
11;28;33;2;103.239
11;28;33;3;103.239
11;28;33;4;103.240
11;28;33;5;103.240
11;28;33;6;103.241
11;28;33;7;103.241
11;28;33;8;103.243
11;28;33;9;103.243
11;28;34;0;103.243
11;28;34;1;103.243
11;28;34;2;103.245
11;28;34;3;103.245
11;28;34;4;103.246
11;28;34;5;103.246
11;28;34;6;103.247
11;28;34;7;103.247
11;28;34;8;103.248
11;28;34;9;103.248
11;28;35;0;103.249
11;28;35;1;103.249
11;28;35;2;103.250
11;28;35;3;103.250
11;28;35;4;103.251
11;28;35;5;103.251
11;28;35;6;103.250
11;28;35;7;103.250
11;28;35;8;103.252
11;28;35;9;103.252
11;28;36;0;103.253
11;28;36;1;103.253
11;28;36;2;103.253
11;28;36;3;103.253
